nombre_de_la_suscripcion,id_de_la_suscripcion,grupo_de_recursos,nombre_de_la_VM
OXZSUB-FINANZAS-PRD,dbaa7803-de14-4f87-a631-e60396a1e25c,OXZRGACFIP01,OXZVMMIDPWAP01
OXZSUB-FINANZAS-PRD,dbaa7803-de14-4f87-a631-e60396a1e25c,OXZRGAUTFP01,OXZVMAUFPWAP1
OXZSUB-FINANZAS-PRD,dbaa7803-de14-4f87-a631-e60396a1e25c,OXZRGIMMEXP01,OXZVMIMMEXPAP01
OXZSUB-FINANZAS-PRD,dbaa7803-de14-4f87-a631-e60396a1e25c,OXZRGIMMEXP01,OXZVMIMMEXPDB01
OXZSUB-FINANZAS-PRD,dbaa7803-de14-4f87-a631-e60396a1e25c,OXZRGIMMEXP01,OXZVMIMMEXPDB02
OXZSUB-FINANZAS-PRD,dbaa7803-de14-4f87-a631-e60396a1e25c,OXZRGNASAP01,OXZVMNASPWDB01
OXG-DES-SUS-01,18a56807-fa4c-482a-9a00-ab73ceb59f9c,OXG-AUT-DEV-RESOURCEGROUP,OXG-AUT-DEV-VM
OXG-DES-SUS-01,18a56807-fa4c-482a-9a00-ab73ceb59f9c,OXG-HDA-DEV-RESOURCEGROUP,OXG-HDA-DEV-VirtualMachine
OXG-DES-SUS-01,18a56807-fa4c-482a-9a00-ab73ceb59f9c,OXG-TLD-DES-RESOURCEGROUP,OXG-TRB-DEV-INT-VM
OXG-DES-SUS-01,18a56807-fa4c-482a-9a00-ab73ceb59f9c,OXG-TRB-DEV-AGN-RESOURCEGROUP,OXG-TBR-DEV-SDP-VM
OXG-DES-SUS-01,18a56807-fa4c-482a-9a00-ab73ceb59f9c,OXG-TRB-DEV-AGN-RESOURCEGROUP,OXG-TRB-DEV-AGN-VM01
OXG-DES-SUS-01,18a56807-fa4c-482a-9a00-ab73ceb59f9c,OXG-TRB-DEV-AGN-RESOURCEGROUP,OXG-TRB-DEV-AGN-VM02
OXG-DES-SUS-01,18a56807-fa4c-482a-9a00-ab73ceb59f9c,OXG-TRB-DEV-AGN-RESOURCEGROUP,OXG-TRB-DEV-AGN-VM03
OXG-DES-SUS-01,18a56807-fa4c-482a-9a00-ab73ceb59f9c,OXG-TRB-DEV-AGN-RESOURCEGROUP,OXG-TRB-DEV-AGN-VM05
OXG-DES-SUS-01,18a56807-fa4c-482a-9a00-ab73ceb59f9c,OXG-TRB-DEV-AGN-RESOURCEGROUP,OXG-TRB-DEV-AGN-VM06
OXG-DES-SUS-01,18a56807-fa4c-482a-9a00-ab73ceb59f9c,OXG-TRB-DEV-AGN-RESOURCEGROUP,OXG-TRB-DEV-AGN-VM07
OXG-DES-SUS-01,18a56807-fa4c-482a-9a00-ab73ceb59f9c,OXG-AGN-DEV-RESOURCEGROUP,OXGAGNDEVVM
OXG-DES-SUS-01,18a56807-fa4c-482a-9a00-ab73ceb59f9c,OXG-AVD-DEV-RG,OXG-AVD-DEV-0
OXG-DES-SUS-01,18a56807-fa4c-482a-9a00-ab73ceb59f9c,OXG-AVD-DEV-RG,OXG-AVD-DEV-2
OXG-DES-SUS-01,18a56807-fa4c-482a-9a00-ab73ceb59f9c,OXG-AVD-DEV-RG,OXG-DEV-AVD-0
OXG-DES-SUS-01,18a56807-fa4c-482a-9a00-ab73ceb59f9c,OXG-CIS-DEV-RESOURCEGROUP,OXGCISDEVVM
OXG-DES-SUS-01,18a56807-fa4c-482a-9a00-ab73ceb59f9c,OXG-CLS-DEV-RESOURCEGROUP,OXGAGNAKSDEVVM
OXG-DES-SUS-01,18a56807-fa4c-482a-9a00-ab73ceb59f9c,OXG-CLS-DEV-RESOURCEGROUP,OXGAKSDEVVM
OXG-DES-SUS-01,18a56807-fa4c-482a-9a00-ab73ceb59f9c,OXG-CLS-DEV-RESOURCEGROUP,OXGDBCAKSDEVVM
OXG-DES-SUS-01,18a56807-fa4c-482a-9a00-ab73ceb59f9c,OXG-CVL-DEV-RESOURCEGROUP,OXG-CVL-DEV-VM
OXG-DES-SUS-01,18a56807-fa4c-482a-9a00-ab73ceb59f9c,OXG-CYA-DEV-RESOURCEGROUP,OXG-CYA-DEV-VM1
OXG-DES-SUS-01,18a56807-fa4c-482a-9a00-ab73ceb59f9c,OXG-DTE-DEV-RESOURCEGROUP,OXG-SER-DEV-VM
OXG-DES-SUS-01,18a56807-fa4c-482a-9a00-ab73ceb59f9c,OXG-DTE-DEV-RESOURCEGROUP,OXGRBTDEVVM
OXG-DES-SUS-01,18a56807-fa4c-482a-9a00-ab73ceb59f9c,OXG-GTK-DEV-RESOURCEGROUP,OXG-GTK-DEV-VM
OXG-DES-SUS-01,18a56807-fa4c-482a-9a00-ab73ceb59f9c,OXG-PSR-DEV-RESOURCEGROUP,OXG-PSR-DEV-VM
OXG-DES-SUS-01,18a56807-fa4c-482a-9a00-ab73ceb59f9c,OXG-RBT-DEV-RESOURCEGROUP,OXGRBTDEVVM
OXG-DES-SUS-01,18a56807-fa4c-482a-9a00-ab73ceb59f9c,OXG-SRH-DBK-PRD-RESOURCEGROUP,7cd8276b18264121bcdfe75527ef1f83
OXG-DES-SUS-01,18a56807-fa4c-482a-9a00-ab73ceb59f9c,OXG-SRH-DBK-PRD-RESOURCEGROUP,dd26188fa78540f8b14cb7c4a3ca0ecb
OXG-DES-SUS-01,18a56807-fa4c-482a-9a00-ab73ceb59f9c,OXG-SYO-DEV-RESOURCEGROUP,OXG-SYO-DEV-VM
OXG-DES-SUS-01,18a56807-fa4c-482a-9a00-ab73ceb59f9c,SGM-MFY-DEV-RESOURCEGROUP,OXG-MFY-DEV-VM
OxxoInternacional,e43cc867-4ffc-4b9d-8004-e94d35864af9,OCHZRGSCHP01,OCHZVMSCHWPAP01
OxxoInternacional,e43cc867-4ffc-4b9d-8004-e94d35864af9,OCHZRGSCHP01,OCHZVMSCHWPAP02
OxxoInternacional,e43cc867-4ffc-4b9d-8004-e94d35864af9,OCZRGCDPPAP01,OCZVMCDPPLAP01
OxxoInternacional,e43cc867-4ffc-4b9d-8004-e94d35864af9,OCZRGCDPPAP01,OCZVMCDPPLAP02
OxxoInternacional,e43cc867-4ffc-4b9d-8004-e94d35864af9,OCZRGCDPPAP01,OCZVMCDPPLAP02-rescuevm
OxxoInternacional,e43cc867-4ffc-4b9d-8004-e94d35864af9,OCZRGRDFCP01,OXZVMRDFCTMP01
OxxoInternacional,e43cc867-4ffc-4b9d-8004-e94d35864af9,OCZRGRDSPAP01,OCZVMRDSPLAP01
OxxoInternacional,e43cc867-4ffc-4b9d-8004-e94d35864af9,OCZRGRDSPAP01,OCZVMRDSPLBD01
OxxoInternacional,e43cc867-4ffc-4b9d-8004-e94d35864af9,OCZRGRDSQAP01,OCZVMRDSQLAP01
OxxoInternacional,e43cc867-4ffc-4b9d-8004-e94d35864af9,OCZRGRDSQAP01,OCZVMRDSQLBD01
OxxoInternacional,e43cc867-4ffc-4b9d-8004-e94d35864af9,OCZRGSCP01,OCZVMSCPWAP01
OxxoInternacional,e43cc867-4ffc-4b9d-8004-e94d35864af9,OCZRGSCP01,OCZVMSCPWAP02
OxxoInternacional,e43cc867-4ffc-4b9d-8004-e94d35864af9,OIZRGARSEP01,OIVREPCHP
OxxoInternacional,e43cc867-4ffc-4b9d-8004-e94d35864af9,OIZRGARSEP01,OIVREPCHP-test
OxxoInternacional,e43cc867-4ffc-4b9d-8004-e94d35864af9,OIZRGDGPAP01,OXZVMEBSLPAP01
OxxoInternacional,e43cc867-4ffc-4b9d-8004-e94d35864af9,OIZRGDGPAP01,OXZVMEBSLPAP02
OxxoInternacional,e43cc867-4ffc-4b9d-8004-e94d35864af9,OIZRGDGPAP01,OXZVMEBSLPDB01
OxxoInternacional,e43cc867-4ffc-4b9d-8004-e94d35864af9,OIZRGDGPAP01,OXZVMEBSLPDB02
OxxoInternacional,e43cc867-4ffc-4b9d-8004-e94d35864af9,OIZRGDGPAP01,OXZVMSTGLPDB01
OxxoInternacional,e43cc867-4ffc-4b9d-8004-e94d35864af9,OIZRGVYGSPAP01,OIZVMVYGSPAP01
OxxoInternacional,e43cc867-4ffc-4b9d-8004-e94d35864af9,OIZRGVYRPAP01,OIZVMNEOVPAP01
OxxoInternacional,e43cc867-4ffc-4b9d-8004-e94d35864af9,OIZRGVYRPAP01,OIZVMNEOVPAP02
OxxoInternacional,e43cc867-4ffc-4b9d-8004-e94d35864af9,OIZRGVYRPAP01,OIZVMNEOVPAP03
OxxoInternacional,e43cc867-4ffc-4b9d-8004-e94d35864af9,OIZRGVYRPAP01,OIZVMNEOVPAP04
OxxoInternacional,e43cc867-4ffc-4b9d-8004-e94d35864af9,OIZRGVYRPAP01,OIZVMVYRPAP01
OxxoInternacional,e43cc867-4ffc-4b9d-8004-e94d35864af9,OIZRGVYRPAP01,OIZVMVYRPDB01
OxxoInternacional,e43cc867-4ffc-4b9d-8004-e94d35864af9,OIZRGVYSPDB01,OIZVMVYSPDB01
OxxoInternacional,e43cc867-4ffc-4b9d-8004-e94d35864af9,OIZRGVYSPDB01,OIZVMVYSPDB02
OxxoInternacional,e43cc867-4ffc-4b9d-8004-e94d35864af9,OIZRGVYSPDB01,TemporaryOizvmvyspdb02
OxxoInternacional,e43cc867-4ffc-4b9d-8004-e94d35864af9,OPZRGCDPPAP01,OPZVMCDPPLAP01
OxxoInternacional,e43cc867-4ffc-4b9d-8004-e94d35864af9,OPZRGCDPPAP01,OPZVMCDPPLAP02
OxxoInternacional,e43cc867-4ffc-4b9d-8004-e94d35864af9,OPZRGRRPPAP01,OPZVMRRPPWAP01
OxxoInternacional,e43cc867-4ffc-4b9d-8004-e94d35864af9,OPZRGRRPQAP01,OPZVMRRPQWAP01
OxxoInternacional,e43cc867-4ffc-4b9d-8004-e94d35864af9,OPZRGSPP01,OPZVMSPWPAP01
OxxoInternacional,e43cc867-4ffc-4b9d-8004-e94d35864af9,OXRGGEOCPQ01,OXZVMCPGSBDQ01
OxxoInternacional,e43cc867-4ffc-4b9d-8004-e94d35864af9,OXRGGEOCQ01,OXZVMPCPBDBQ01
OxxoInternacional,e43cc867-4ffc-4b9d-8004-e94d35864af9,OXZRGCDPQ01,OXZVMCDPQ02
OxxoInternacional,e43cc867-4ffc-4b9d-8004-e94d35864af9,OXZRGCDPQ01,OXZVMCDPQ04
OxxoInternacional,e43cc867-4ffc-4b9d-8004-e94d35864af9,OXZRGCDPQ01,OXZVMCDPQ05
OxxoInternacional,e43cc867-4ffc-4b9d-8004-e94d35864af9,OXZRGCONPRD,OXZVMCONPRDWDB01
OxxoInternacional,e43cc867-4ffc-4b9d-8004-e94d35864af9,OXZRGCREP01,OXZVMCREPSQL01
OxxoInternacional,e43cc867-4ffc-4b9d-8004-e94d35864af9,OXZRGCREQ01,OXZVMCREQSQL01
OxxoInternacional,e43cc867-4ffc-4b9d-8004-e94d35864af9,OXZRGEOPQ01,OXZVMPCBDBQ01
OxxoInternacional,e43cc867-4ffc-4b9d-8004-e94d35864af9,OXZRGGEOPRD01,OXZVMGEOWPRD02
OxxoInternacional,e43cc867-4ffc-4b9d-8004-e94d35864af9,OXZRGGREP01,OXZVMGREPWDB01
OxxoInternacional,e43cc867-4ffc-4b9d-8004-e94d35864af9,OXZRGGREQ01,OXZVMGREQWDB02
OxxoInternacional,e43cc867-4ffc-4b9d-8004-e94d35864af9,OXZRGJMPNEOPRD,OXZVMJMPNEOPRDWAP01
OxxoInternacional,e43cc867-4ffc-4b9d-8004-e94d35864af9,OXZRGJMPNEOPRD,OXZVMJMPNEOPRDWAP02
OxxoInternacional,e43cc867-4ffc-4b9d-8004-e94d35864af9,OXZRGJMPNEOPRD,OXZVMJMPNEOPRDWAP03
OxxoInternacional,e43cc867-4ffc-4b9d-8004-e94d35864af9,OXZRGJMPNEOPRD,OXZVMJMPNEOPRDWAP04
OxxoInternacional,e43cc867-4ffc-4b9d-8004-e94d35864af9,OXZRGJMPNEOPRD,OXZVMJMPNEOPRDWAP05
OxxoInternacional,e43cc867-4ffc-4b9d-8004-e94d35864af9,OXZRGJMPNEOPRD,OXZVMJMPNEOPRDWAP06
OxxoInternacional,e43cc867-4ffc-4b9d-8004-e94d35864af9,OXZRGJMPNEOPRD,OXZVMJMPNEOPRDWAP07
OxxoInternacional,e43cc867-4ffc-4b9d-8004-e94d35864af9,OXZRGJMPNEOPRD,OXZVMJMPNEOPRDWAP08
OxxoInternacional,e43cc867-4ffc-4b9d-8004-e94d35864af9,OXZRGJMPNEOPRD,OXZVMJMPNEOPRDWAP09
OxxoInternacional,e43cc867-4ffc-4b9d-8004-e94d35864af9,OXZRGJMPNEOPRD,OXZVMJMPNEOPRDWAP10
OxxoInternacional,e43cc867-4ffc-4b9d-8004-e94d35864af9,OXZRGJMPNEOPRD,OXZVMJMPNEOPRDWAP11
OxxoInternacional,e43cc867-4ffc-4b9d-8004-e94d35864af9,OXZRGJMPNEOPRD,OXZVMNEOPWAP12
OxxoInternacional,e43cc867-4ffc-4b9d-8004-e94d35864af9,OXZRGJMPNEOPRD,OXZVMNEOPWAP13
OxxoInternacional,e43cc867-4ffc-4b9d-8004-e94d35864af9,OXZRGJMPNEOPRD,OXZVMNEOPWAP14
OxxoInternacional,e43cc867-4ffc-4b9d-8004-e94d35864af9,OXZRGJMPNEOPRD,OXZVMNEOPWAP15
OxxoInternacional,e43cc867-4ffc-4b9d-8004-e94d35864af9,OXZRGJMPNEOPRD,OXZVMNEOPWAP16
OxxoInternacional,e43cc867-4ffc-4b9d-8004-e94d35864af9,OXZRGJMPNEOPRD,OXZVMNEOPWAP17
OxxoInternacional,e43cc867-4ffc-4b9d-8004-e94d35864af9,OXZRGJMPNEOPRD,OXZVMNEOPWAP18
OxxoInternacional,e43cc867-4ffc-4b9d-8004-e94d35864af9,OXZRGJMPNEOPRD,OXZVMNEOPWAP19
OxxoInternacional,e43cc867-4ffc-4b9d-8004-e94d35864af9,OXZRGJMPNEOPRD,OXZVMNEOPWAP20
OxxoInternacional,e43cc867-4ffc-4b9d-8004-e94d35864af9,OXZRGJMPNEOPRD,OXZVMNEOPWAP21
OxxoInternacional,e43cc867-4ffc-4b9d-8004-e94d35864af9,OXZRGJMPNEOPRD,OXZVMNEOPWAP22
OxxoInternacional,e43cc867-4ffc-4b9d-8004-e94d35864af9,OXZRGJMPNEOPRD,OXZVMNEOPWAP23
OxxoInternacional,e43cc867-4ffc-4b9d-8004-e94d35864af9,OXZRGJMPNEOPRD,OXZVMNEOPWAP24
OxxoInternacional,e43cc867-4ffc-4b9d-8004-e94d35864af9,OXZRGJMPNEOPRD,OXZVMNEOPWAP25
OxxoInternacional,e43cc867-4ffc-4b9d-8004-e94d35864af9,OXZRGJMPNEOPRD,OXZVMNEOPWAP26
OxxoInternacional,e43cc867-4ffc-4b9d-8004-e94d35864af9,OXZRGJMPNEOPRD,OXZVMNEOPWAP27
OxxoInternacional,e43cc867-4ffc-4b9d-8004-e94d35864af9,OXZRGNFWP01,oxzvmnfwplnva01
OxxoInternacional,e43cc867-4ffc-4b9d-8004-e94d35864af9,OXZRGNFWP01,oxzvmnfwplnva02
OxxoInternacional,e43cc867-4ffc-4b9d-8004-e94d35864af9,OXZRGOINPRD01,OXZVMAZMINT01
OxxoInternacional,e43cc867-4ffc-4b9d-8004-e94d35864af9,OXZRGOIP01,OXUZVMSAPP01
OxxoInternacional,e43cc867-4ffc-4b9d-8004-e94d35864af9,OXZRGOIP01,OXUZVMSAPP02
OxxoInternacional,e43cc867-4ffc-4b9d-8004-e94d35864af9,OXZRGOIP01,OXUZVMSCCP01
OxxoInternacional,e43cc867-4ffc-4b9d-8004-e94d35864af9,OXZRGOTC01,OCHZVMSTCPWP01
OxxoInternacional,e43cc867-4ffc-4b9d-8004-e94d35864af9,OXZRGOTC01,OXZVMFOIPRDWA3R
OxxoInternacional,e43cc867-4ffc-4b9d-8004-e94d35864af9,OXZRGOTC01,OXZVMFOIPRDWA5R
OxxoInternacional,e43cc867-4ffc-4b9d-8004-e94d35864af9,OXZRGOTC01,OXZVMOTCPWAP02
OxxoInternacional,e43cc867-4ffc-4b9d-8004-e94d35864af9,OXZRGOTC01,OXZVMOTCPWAP03
OxxoInternacional,e43cc867-4ffc-4b9d-8004-e94d35864af9,OXZRGOTC01,OXZVMOTCPWAP04
OxxoInternacional,e43cc867-4ffc-4b9d-8004-e94d35864af9,OXZRGOTC01,OXZVMOTCPWAP07
OxxoInternacional,e43cc867-4ffc-4b9d-8004-e94d35864af9,OXZRGOTC01,oxzvmotcpwap08
OxxoInternacional,e43cc867-4ffc-4b9d-8004-e94d35864af9,OXZRGOTC01,OXZVMOTCPWAP09
OxxoInternacional,e43cc867-4ffc-4b9d-8004-e94d35864af9,OXZRGOTC01,OXZVMOTCPWAP10
OxxoInternacional,e43cc867-4ffc-4b9d-8004-e94d35864af9,OXZRGOTC01,OXZVMOTCPWAP11
OxxoInternacional,e43cc867-4ffc-4b9d-8004-e94d35864af9,OXZRGOTC01,OXZVMOTCPWDB01
OxxoInternacional,e43cc867-4ffc-4b9d-8004-e94d35864af9,OXZRGOTC01,OXZVMOTCPWDB01test
OxxoInternacional,e43cc867-4ffc-4b9d-8004-e94d35864af9,OXZRGPAMP01,OXZVMPAMPWAP01
OxxoInternacional,e43cc867-4ffc-4b9d-8004-e94d35864af9,OXZRGPAMP01,OXZVMPAMPWAP02
OxxoInternacional,e43cc867-4ffc-4b9d-8004-e94d35864af9,OXZRGPANP01,OXZVMPANPLAP01
OxxoInternacional,e43cc867-4ffc-4b9d-8004-e94d35864af9,OXZRGPAX01,OXZVMPAXLP01
OxxoInternacional,e43cc867-4ffc-4b9d-8004-e94d35864af9,OXZRGSTCP01,OXZVMSTCDEV01
OxxoInternacional,e43cc867-4ffc-4b9d-8004-e94d35864af9,OXZRGSTCP01,OXZVMSTCDEV02
OxxoInternacional,e43cc867-4ffc-4b9d-8004-e94d35864af9,OXZRGSTCP01,OXZVMSTCPWDB01
OxxoInternacional,e43cc867-4ffc-4b9d-8004-e94d35864af9,OXZRGSTCP01,OXZVMSTCQA01
OxxoInternacional,e43cc867-4ffc-4b9d-8004-e94d35864af9,REC_OIZRGVYR01,REC-OIZVMJMPTMP00
OxxoInternacional,e43cc867-4ffc-4b9d-8004-e94d35864af9,REC_OIZRGVYR01,REC-OIZVMVYRPAP01
OxxoInternacional,e43cc867-4ffc-4b9d-8004-e94d35864af9,REC_OIZRGVYR01,REC-OIZVMVYRPDB01
OXZSUB-CEDIS-PROD,b8b21b08-17ac-4e3c-a516-dad1d1258e71,OXZRGAPXP01,OXVAPXPRD19
OXZSUB-CEDIS-PROD,b8b21b08-17ac-4e3c-a516-dad1d1258e71,OXZRGARMP01,OXVARMAZC01
OXZSUB-CEDIS-PROD,b8b21b08-17ac-4e3c-a516-dad1d1258e71,OXZRGBIDCSP01,FCMINFCEDIS01
OXZSUB-CEDIS-PROD,b8b21b08-17ac-4e3c-a516-dad1d1258e71,OXZRGBIDCSP01,OXZVMCEDOPWAP01
OXZSUB-CEDIS-PROD,b8b21b08-17ac-4e3c-a516-dad1d1258e71,OXZRGBORP01,OXVBORPRD02
OXZSUB-CEDIS-PROD,b8b21b08-17ac-4e3c-a516-dad1d1258e71,OXZRGPNACP01,AVAL01DEMO
OXZSUB-CEDIS-PROD,b8b21b08-17ac-4e3c-a516-dad1d1258e71,OXZRGPNACP01,FCOAVAL-nflowtest
OXZSUB-CEDIS-PROD,b8b21b08-17ac-4e3c-a516-dad1d1258e71,OXZRGPNACP01,OXZVMAVALPWBD01
OXZSUB-CEDIS-PROD,b8b21b08-17ac-4e3c-a516-dad1d1258e71,OXZRGTIGP01,OXZVMTIGP01
OXZSUB-CEDIS-PROD,b8b21b08-17ac-4e3c-a516-dad1d1258e71,OXZRGWLMPAP01,OXZVMWLMPDB01
OXZSUB-CEDIS-PROD,b8b21b08-17ac-4e3c-a516-dad1d1258e71,OXZRGWLMPAP01,OXZVMWLMPWS01
OXZSUB-CEDIS-PROD,b8b21b08-17ac-4e3c-a516-dad1d1258e71,REDHAT6.10.0,RedHat6.10.0
PROXZSUB-HEALTH-PRD,03d1087c-98b5-4dcf-9653-0160f68696ae,PRXHZRGIMAP01,PRXHZVMIMAPWAP01
OXZSUB-IMA-PRD,8fa565ae-38aa-487e-834a-20a8c160405d,OXZRGCEDWEBP01,OOXZVMCEDWEBPWDB01
OXZSUB-IMA-PRD,8fa565ae-38aa-487e-834a-20a8c160405d,OXZRGCEDWEBP01,OXZVMCEDWEBPWAP01
OXZSUB-IMA-PRD,8fa565ae-38aa-487e-834a-20a8c160405d,OXZRGCEDWEBP01,OXZVMCEDWEBPWAP02
OXZSUB-IMA-PRD,8fa565ae-38aa-487e-834a-20a8c160405d,OXZRGCEDWEBP01,OXZVMSHPWAP01
OXZSUB-IMA-PRD,8fa565ae-38aa-487e-834a-20a8c160405d,OXZRGCEDWEBP01,OXZVMSHPWBD02
OXZSUB-IMA-PRD,8fa565ae-38aa-487e-834a-20a8c160405d,OXZRGICP01,OXZVMICPWAP01
OXZSUB-IMA-PRD,8fa565ae-38aa-487e-834a-20a8c160405d,OXZRGICP01,OXZVMICPWBD02
OXZSUB-IMA-PRD,8fa565ae-38aa-487e-834a-20a8c160405d,OXZRGIMAFSP01,OXFIMAFSP1
OXZSUB-IMA-PRD,8fa565ae-38aa-487e-834a-20a8c160405d,OXZRGJUPYP01,FCOIMASBXVQ01
OXZSUB-IMA-PRD,8fa565ae-38aa-487e-834a-20a8c160405d,OXZRGMICROP01,OXFBIWPRD03
OXZSUB-IMA-PRD,8fa565ae-38aa-487e-834a-20a8c160405d,OXZRGMICROP01,oxfisprd01
OXZSUB-IMA-PRD,8fa565ae-38aa-487e-834a-20a8c160405d,OXZRGMICROP01,oxfisprd02
OXZSUB-IMA-PRD,8fa565ae-38aa-487e-834a-20a8c160405d,OXZRGTABNEXP01,OXFANTP01
OXZSUB-IMA-PRD,8fa565ae-38aa-487e-834a-20a8c160405d,OXZRGTABNEXP01,OXFANTP02
OXZSUB-MANAGEMENT-P,92fb9514-9e7d-49e8-8cbd-0f46731701c8,OXZRGAZMP01,CONMIGDEV07
OXZSUB-MANAGEMENT-P,92fb9514-9e7d-49e8-8cbd-0f46731701c8,OXZRGJBXP01,OXZVMJBXPWAP01
OXZSUB-MANAGEMENT-P,92fb9514-9e7d-49e8-8cbd-0f46731701c8,OXZRGJBXP01,OXZVMJBXPWAP02
OXZSUB-MANAGEMENT-P,92fb9514-9e7d-49e8-8cbd-0f46731701c8,OXZRGJBXP01,OXZVMJBXPWAP04
OXZSUB-MANAGEMENT-P,92fb9514-9e7d-49e8-8cbd-0f46731701c8,OXZRGJBXP01,OXZVMJBXPWAP05
OXZSUB-MANAGEMENT-P,92fb9514-9e7d-49e8-8cbd-0f46731701c8,OXZRGJBXP01,OXZVMJBXPWAP06
OXZSUB-MANAGEMENT-P,92fb9514-9e7d-49e8-8cbd-0f46731701c8,OXZRGJBXP01,OXZVMJBXPWAP07
OXZSUB-MANAGEMENT-P,92fb9514-9e7d-49e8-8cbd-0f46731701c8,OXZRGJBXP01,OXZVMJBXPWAP08
OXZSUB-MANAGEMENT-P,92fb9514-9e7d-49e8-8cbd-0f46731701c8,OXZRGVEEAMP01,OXZVMVEEAMPWAP01
OXZSUB-DONATOTA-PRD,dbff9108-3233-4e92-88d7-5167294429d0,OXZRG-DONATOTA-PRD-APP,OXZVMDTOTANOMINAAPPPRD
OXZSUB-DONATOTA-PRD,dbff9108-3233-4e92-88d7-5167294429d0,OXZRG-DONATOTA-PRD-CORE,OXZVMDTOTAADPRD
OXZSUB-DONATOTA-PRD,dbff9108-3233-4e92-88d7-5167294429d0,OXZRG-DONATOTA-PRD-TOTANET,OXZVMDTOTAETLPPPRD
OXZSUB-TIENDA-PRD,9af0b2e3-86a2-44a3-a0eb-32cbb9ba3d73,OXZRGMOFDOCSP01,OXZVMMOFDOCSWP01
OXZSUB-TIENDA-PRD,9af0b2e3-86a2-44a3-a0eb-32cbb9ba3d73,OXZRGMOFDOCSP01,OXZVMMOFDOCSWP02
OXZSUB-TIENDA-PRD,9af0b2e3-86a2-44a3-a0eb-32cbb9ba3d73,OXZRGMOFDOCSP01,OXZVMMOFDOCSWP03
OXZSUB-TIENDA-PRD,9af0b2e3-86a2-44a3-a0eb-32cbb9ba3d73,OXZRGMOFDOCSP01,OXZVMMOFDOCSWP04
OXZSUB-TIENDA-PRD,9af0b2e3-86a2-44a3-a0eb-32cbb9ba3d73,OXZRGMOFDOCSP01,OXZVMMOFDOCSWP05
OXZSUB-TIENDA-PRD,9af0b2e3-86a2-44a3-a0eb-32cbb9ba3d73,OXZRGMOFDOCSP01,OXZVMMOFDOCSWP06
OXZSUB-TIENDA-PRD,9af0b2e3-86a2-44a3-a0eb-32cbb9ba3d73,OXZRGMOFDOCSP01,OXZVMMOFDOCSWP07
OXZSUB-TIENDA-PRD,9af0b2e3-86a2-44a3-a0eb-32cbb9ba3d73,OXZRGMOFDOCSP01,OXZVMMOFDOCSWP08
OXZSUB-TIENDA-PRD,9af0b2e3-86a2-44a3-a0eb-32cbb9ba3d73,OXZRGMOFDOCSP01,OXZVMMOFDOCSWP09
OXZSUB-TIENDA-PRD,9af0b2e3-86a2-44a3-a0eb-32cbb9ba3d73,ARO-INFRA-LVYFZ8EC-OXZAROMDPP01,oxzaromdpp01-hmszz-master-0
OXZSUB-TIENDA-PRD,9af0b2e3-86a2-44a3-a0eb-32cbb9ba3d73,ARO-INFRA-LVYFZ8EC-OXZAROMDPP01,oxzaromdpp01-hmszz-master-1
OXZSUB-TIENDA-PRD,9af0b2e3-86a2-44a3-a0eb-32cbb9ba3d73,ARO-INFRA-LVYFZ8EC-OXZAROMDPP01,oxzaromdpp01-hmszz-master-2
OXZSUB-TIENDA-PRD,9af0b2e3-86a2-44a3-a0eb-32cbb9ba3d73,ARO-INFRA-LVYFZ8EC-OXZAROMDPP01,oxzaromdpp01-hmszz-worker-southcentralus1-5k25c
OXZSUB-TIENDA-PRD,9af0b2e3-86a2-44a3-a0eb-32cbb9ba3d73,ARO-INFRA-LVYFZ8EC-OXZAROMDPP01,oxzaromdpp01-hmszz-worker-southcentralus1-l46xt
OXZSUB-TIENDA-PRD,9af0b2e3-86a2-44a3-a0eb-32cbb9ba3d73,ARO-INFRA-LVYFZ8EC-OXZAROMDPP01,oxzaromdpp01-hmszz-worker-southcentralus1-mgxwp
OXZSUB-TIENDA-PRD,9af0b2e3-86a2-44a3-a0eb-32cbb9ba3d73,ARO-INFRA-LVYFZ8EC-OXZAROMDPP01,oxzaromdpp01-hmszz-worker-southcentralus1-t4s57
OXZSUB-TIENDA-PRD,9af0b2e3-86a2-44a3-a0eb-32cbb9ba3d73,ARO-INFRA-LVYFZ8EC-OXZAROMDPP01,oxzaromdpp01-hmszz-worker-southcentralus2-8z54h
OXZSUB-TIENDA-PRD,9af0b2e3-86a2-44a3-a0eb-32cbb9ba3d73,ARO-INFRA-LVYFZ8EC-OXZAROMDPP01,oxzaromdpp01-hmszz-worker-southcentralus2-gt26z
OXZSUB-TIENDA-PRD,9af0b2e3-86a2-44a3-a0eb-32cbb9ba3d73,ARO-INFRA-LVYFZ8EC-OXZAROMDPP01,oxzaromdpp01-hmszz-worker-southcentralus2-j2qwx
OXZSUB-TIENDA-PRD,9af0b2e3-86a2-44a3-a0eb-32cbb9ba3d73,ARO-INFRA-LVYFZ8EC-OXZAROMDPP01,oxzaromdpp01-hmszz-worker-southcentralus2-jssg6
OXZSUB-TIENDA-PRD,9af0b2e3-86a2-44a3-a0eb-32cbb9ba3d73,ARO-INFRA-LVYFZ8EC-OXZAROMDPP01,oxzaromdpp01-hmszz-worker-southcentralus3-dkgcm
OXZSUB-TIENDA-PRD,9af0b2e3-86a2-44a3-a0eb-32cbb9ba3d73,ARO-INFRA-LVYFZ8EC-OXZAROMDPP01,oxzaromdpp01-hmszz-worker-southcentralus3-pc8lw
OXZSUB-TIENDA-PRD,9af0b2e3-86a2-44a3-a0eb-32cbb9ba3d73,ARO-INFRA-LVYFZ8EC-OXZAROMDPP01,oxzaromdpp01-hmszz-worker-southcentralus3-sgzjd
OXZSUB-TIENDA-PRD,9af0b2e3-86a2-44a3-a0eb-32cbb9ba3d73,ARO-INFRA-LVYFZ8EC-OXZAROMDPP01,oxzaromdpp01-hmszz-worker-southcentralus3-tc9wd
OXZSUB-TIENDA-PRD,9af0b2e3-86a2-44a3-a0eb-32cbb9ba3d73,ARO-OXZAROOADP01,oxzarooadp01-r7lld-master-0
OXZSUB-TIENDA-PRD,9af0b2e3-86a2-44a3-a0eb-32cbb9ba3d73,ARO-OXZAROOADP01,oxzarooadp01-r7lld-master-1
OXZSUB-TIENDA-PRD,9af0b2e3-86a2-44a3-a0eb-32cbb9ba3d73,ARO-OXZAROOADP01,oxzarooadp01-r7lld-master-2
OXZSUB-TIENDA-PRD,9af0b2e3-86a2-44a3-a0eb-32cbb9ba3d73,ARO-OXZAROOADP01,oxzarooadp01-r7lld-worker-southcentralus1-6qfzt
OXZSUB-TIENDA-PRD,9af0b2e3-86a2-44a3-a0eb-32cbb9ba3d73,ARO-OXZAROOADP01,oxzarooadp01-r7lld-worker-southcentralus1-qtbnl
OXZSUB-TIENDA-PRD,9af0b2e3-86a2-44a3-a0eb-32cbb9ba3d73,ARO-OXZAROOADP01,oxzarooadp01-r7lld-worker-southcentralus1-wjld9
OXZSUB-TIENDA-PRD,9af0b2e3-86a2-44a3-a0eb-32cbb9ba3d73,ARO-OXZAROOADP01,oxzarooadp01-r7lld-worker-southcentralus2-ks55l
OXZSUB-TIENDA-PRD,9af0b2e3-86a2-44a3-a0eb-32cbb9ba3d73,ARO-OXZAROOADP01,oxzarooadp01-r7lld-worker-southcentralus2-n4fxp
OXZSUB-TIENDA-PRD,9af0b2e3-86a2-44a3-a0eb-32cbb9ba3d73,ARO-OXZAROOADP01,oxzarooadp01-r7lld-worker-southcentralus3-dglp8
OXZSUB-TIENDA-PRD,9af0b2e3-86a2-44a3-a0eb-32cbb9ba3d73,OXZRGAPPPTLPRDPAAS,OXZVMMOFP01
OXZSUB-TIENDA-PRD,9af0b2e3-86a2-44a3-a0eb-32cbb9ba3d73,OXZRGDYNXPOSQ01,oxzvmdynxposq01
OXZSUB-TIENDA-PRD,9af0b2e3-86a2-44a3-a0eb-32cbb9ba3d73,OXZRGFCXPOSP01,FCXPOS01
OXZSUB-TIENDA-PRD,9af0b2e3-86a2-44a3-a0eb-32cbb9ba3d73,OXZRGFCXPOSP01,FCXPOS02
OXZSUB-TIENDA-PRD,9af0b2e3-86a2-44a3-a0eb-32cbb9ba3d73,OXZRGMITEXTP01,FCXPOS03
OXZSUB-TIENDA-PRD,9af0b2e3-86a2-44a3-a0eb-32cbb9ba3d73,OXZRGOADP01,jump-windows
OXZSUB-TIENDA-PRD,9af0b2e3-86a2-44a3-a0eb-32cbb9ba3d73,OXZRGOADP01,vm-jumphost-aldiapro-01
OXZSUB-TIENDA-PRD,9af0b2e3-86a2-44a3-a0eb-32cbb9ba3d73,OXZRGPATP01,OXVPATP2
OXZSUB-TIENDA-PRD,9af0b2e3-86a2-44a3-a0eb-32cbb9ba3d73,OXZRGXMONP01,FCXPOS05
OXZSUB-TIENDA-PRD,9af0b2e3-86a2-44a3-a0eb-32cbb9ba3d73,OXZRGXMONP01,FCXPOS06
OXZSUB-TIENDA-PRD,9af0b2e3-86a2-44a3-a0eb-32cbb9ba3d73,OXZRGXPOSPRD,oxzvmxposprd01
OXZSUB-TIENDA-PRD,9af0b2e3-86a2-44a3-a0eb-32cbb9ba3d73,OXZRGXPOSPRD02,oxzaroxposprd-66cgl-master-0
OXZSUB-TIENDA-PRD,9af0b2e3-86a2-44a3-a0eb-32cbb9ba3d73,OXZRGXPOSPRD02,oxzaroxposprd-66cgl-master-1
OXZSUB-TIENDA-PRD,9af0b2e3-86a2-44a3-a0eb-32cbb9ba3d73,OXZRGXPOSPRD02,oxzaroxposprd-66cgl-master-2
OXZSUB-TIENDA-PRD,9af0b2e3-86a2-44a3-a0eb-32cbb9ba3d73,OXZRGXPOSPRD02,oxzaroxposprd-66cgl-worker-southcentralus1-gn7nk
OXZSUB-TIENDA-PRD,9af0b2e3-86a2-44a3-a0eb-32cbb9ba3d73,OXZRGXPOSPRD02,oxzaroxposprd-66cgl-worker-southcentralus1-kqdhd
OXZSUB-TIENDA-PRD,9af0b2e3-86a2-44a3-a0eb-32cbb9ba3d73,OXZRGXPOSPRD02,oxzaroxposprd-66cgl-worker-southcentralus1-zccm6
OXZSUB-TIENDA-PRD,9af0b2e3-86a2-44a3-a0eb-32cbb9ba3d73,OXZRGXPOSPRD02,oxzaroxposprd-66cgl-worker-southcentralus2-7w6gl
OXZSUB-TIENDA-PRD,9af0b2e3-86a2-44a3-a0eb-32cbb9ba3d73,OXZRGXPOSPRD02,oxzaroxposprd-66cgl-worker-southcentralus2-7w9s5
OXZSUB-TIENDA-PRD,9af0b2e3-86a2-44a3-a0eb-32cbb9ba3d73,OXZRGXPOSPRD02,oxzaroxposprd-66cgl-worker-southcentralus2-v7wjl
OXZSUB-TIENDA-PRD,9af0b2e3-86a2-44a3-a0eb-32cbb9ba3d73,OXZRGXPOSPRD02,oxzaroxposprd-66cgl-worker-southcentralus3-ftxxq
OXZSUB-TIENDA-PRD,9af0b2e3-86a2-44a3-a0eb-32cbb9ba3d73,OXZRGXPOSPRD02,oxzaroxposprd-66cgl-worker-southcentralus3-h8fz7
OXZSUB-TIENDA-PRD,9af0b2e3-86a2-44a3-a0eb-32cbb9ba3d73,OXZRGXPOSPRD02,oxzaroxposprd-66cgl-worker-southcentralus3-w9ww5
OXZSUB-TIENDA-NPRD,c309d074-7686-444f-8fc1-446681dec4e4,DATABRICKS-RG-ZICDVDBK01-P7PCUF37ZJEIS,02c5155c52d549539da58c65dda678d8
OXZSUB-TIENDA-NPRD,c309d074-7686-444f-8fc1-446681dec4e4,DATABRICKS-RG-ZICDVDBK01-P7PCUF37ZJEIS,06e4b4e86e1047049cfa8d09d70d3604
OXZSUB-TIENDA-NPRD,c309d074-7686-444f-8fc1-446681dec4e4,DATABRICKS-RG-ZICDVDBK01-P7PCUF37ZJEIS,1295f4fb5ed949d0b6299867d16af83f
OXZSUB-TIENDA-NPRD,c309d074-7686-444f-8fc1-446681dec4e4,DATABRICKS-RG-ZICDVDBK01-P7PCUF37ZJEIS,15b8d4904ec5445ea20362ae9f45ba0f
OXZSUB-TIENDA-NPRD,c309d074-7686-444f-8fc1-446681dec4e4,DATABRICKS-RG-ZICDVDBK01-P7PCUF37ZJEIS,1d858fad3b0d4260bc10ba268a3e2263
OXZSUB-TIENDA-NPRD,c309d074-7686-444f-8fc1-446681dec4e4,DATABRICKS-RG-ZICDVDBK01-P7PCUF37ZJEIS,2433b8d3f628431893d1c921a9a6d5d1
OXZSUB-TIENDA-NPRD,c309d074-7686-444f-8fc1-446681dec4e4,DATABRICKS-RG-ZICDVDBK01-P7PCUF37ZJEIS,2d51f2bcb2f24853b64db646d191e573
OXZSUB-TIENDA-NPRD,c309d074-7686-444f-8fc1-446681dec4e4,DATABRICKS-RG-ZICDVDBK01-P7PCUF37ZJEIS,386080c4a4fe426299d4b1bec947c276
OXZSUB-TIENDA-NPRD,c309d074-7686-444f-8fc1-446681dec4e4,DATABRICKS-RG-ZICDVDBK01-P7PCUF37ZJEIS,3a3fa8088eb046b6aafcb33a2bfa000c
OXZSUB-TIENDA-NPRD,c309d074-7686-444f-8fc1-446681dec4e4,DATABRICKS-RG-ZICDVDBK01-P7PCUF37ZJEIS,406e175d51fe4974a0b1ccc61e5e3253
OXZSUB-TIENDA-NPRD,c309d074-7686-444f-8fc1-446681dec4e4,DATABRICKS-RG-ZICDVDBK01-P7PCUF37ZJEIS,425701292ab44958a444e97cad43362b
OXZSUB-TIENDA-NPRD,c309d074-7686-444f-8fc1-446681dec4e4,DATABRICKS-RG-ZICDVDBK01-P7PCUF37ZJEIS,425b452aea91495d815f02b7f2b0221a
OXZSUB-TIENDA-NPRD,c309d074-7686-444f-8fc1-446681dec4e4,DATABRICKS-RG-ZICDVDBK01-P7PCUF37ZJEIS,48bea40f25fe463ab1b4ea5f0db7ad29
OXZSUB-TIENDA-NPRD,c309d074-7686-444f-8fc1-446681dec4e4,DATABRICKS-RG-ZICDVDBK01-P7PCUF37ZJEIS,5fed808f74a84134984a4d75379fadc9
OXZSUB-TIENDA-NPRD,c309d074-7686-444f-8fc1-446681dec4e4,DATABRICKS-RG-ZICDVDBK01-P7PCUF37ZJEIS,70cedb53e76f4bc0bf9bca179c17f6c0
OXZSUB-TIENDA-NPRD,c309d074-7686-444f-8fc1-446681dec4e4,DATABRICKS-RG-ZICDVDBK01-P7PCUF37ZJEIS,7298610e5bf94276835851dca9bfe743
OXZSUB-TIENDA-NPRD,c309d074-7686-444f-8fc1-446681dec4e4,DATABRICKS-RG-ZICDVDBK01-P7PCUF37ZJEIS,7b10d491fa7a4d37b41d6c1631354375
OXZSUB-TIENDA-NPRD,c309d074-7686-444f-8fc1-446681dec4e4,DATABRICKS-RG-ZICDVDBK01-P7PCUF37ZJEIS,7d6c105239b04dcda26ebf1edddd09c9
OXZSUB-TIENDA-NPRD,c309d074-7686-444f-8fc1-446681dec4e4,DATABRICKS-RG-ZICDVDBK01-P7PCUF37ZJEIS,85e0cf0c1a4e451b8bf3989cd9d5080a
OXZSUB-TIENDA-NPRD,c309d074-7686-444f-8fc1-446681dec4e4,DATABRICKS-RG-ZICDVDBK01-P7PCUF37ZJEIS,8e5b6413f1f64787baf43d6c92cc4ec4
OXZSUB-TIENDA-NPRD,c309d074-7686-444f-8fc1-446681dec4e4,DATABRICKS-RG-ZICDVDBK01-P7PCUF37ZJEIS,91275e2217cc4026b347ffd2fe1dfe62
OXZSUB-TIENDA-NPRD,c309d074-7686-444f-8fc1-446681dec4e4,DATABRICKS-RG-ZICDVDBK01-P7PCUF37ZJEIS,9cbf4ac80bad4961b1064a30fbaf5e1b
OXZSUB-TIENDA-NPRD,c309d074-7686-444f-8fc1-446681dec4e4,DATABRICKS-RG-ZICDVDBK01-P7PCUF37ZJEIS,9cd946cb09ce40189c839d0884ecd410
OXZSUB-TIENDA-NPRD,c309d074-7686-444f-8fc1-446681dec4e4,DATABRICKS-RG-ZICDVDBK01-P7PCUF37ZJEIS,b03d584d074b4365860cb8381b1d8de3
OXZSUB-TIENDA-NPRD,c309d074-7686-444f-8fc1-446681dec4e4,DATABRICKS-RG-ZICDVDBK01-P7PCUF37ZJEIS,bc311adaa9e04b468a0215358b468835
OXZSUB-TIENDA-NPRD,c309d074-7686-444f-8fc1-446681dec4e4,DATABRICKS-RG-ZICDVDBK01-P7PCUF37ZJEIS,c4a55fdd7649427293780c3c262e33d6
OXZSUB-TIENDA-NPRD,c309d074-7686-444f-8fc1-446681dec4e4,DATABRICKS-RG-ZICDVDBK01-P7PCUF37ZJEIS,db5a2b46e5d3458a8f8bed2a3f3eb0e3
OXZSUB-TIENDA-NPRD,c309d074-7686-444f-8fc1-446681dec4e4,DATABRICKS-RG-ZICDVDBK01-P7PCUF37ZJEIS,dedef4a5a80d42749a88e1879fb77c43
OXZSUB-TIENDA-NPRD,c309d074-7686-444f-8fc1-446681dec4e4,DATABRICKS-RG-ZICDVDBK01-P7PCUF37ZJEIS,f15cf483530a43c0be5dce58a3ec253f
OXZSUB-TIENDA-NPRD,c309d074-7686-444f-8fc1-446681dec4e4,OXZRGALAP01,OXZVMALAPWAP01
OXZSUB-TIENDA-NPRD,c309d074-7686-444f-8fc1-446681dec4e4,OXZRGCCTVNP01,OXZVMCCTVNP01
OXZSUB-TIENDA-NPRD,c309d074-7686-444f-8fc1-446681dec4e4,OXZRGICDEV,oxzvmicdv01
OXZSUB-TIENDA-NPRD,c309d074-7686-444f-8fc1-446681dec4e4,OXZRGSIGLONP01,OXZVMSIGLONP01
OXZSUB-TIENDA-NPRD,c309d074-7686-444f-8fc1-446681dec4e4,OXZRGXPOSDEV,oxzvmxposdev01
OXZSUB-TIENDA-NPRD,c309d074-7686-444f-8fc1-446681dec4e4,OXZRGXPOSDEV02,oxzaroxposdev-jbjjm-master-0
OXZSUB-TIENDA-NPRD,c309d074-7686-444f-8fc1-446681dec4e4,OXZRGXPOSDEV02,oxzaroxposdev-jbjjm-master-1
OXZSUB-TIENDA-NPRD,c309d074-7686-444f-8fc1-446681dec4e4,OXZRGXPOSDEV02,oxzaroxposdev-jbjjm-master-2
OXZSUB-TIENDA-NPRD,c309d074-7686-444f-8fc1-446681dec4e4,OXZRGXPOSDEV02,oxzaroxposdev-jbjjm-worker-southcentralus1-bgngm
OXZSUB-TIENDA-NPRD,c309d074-7686-444f-8fc1-446681dec4e4,OXZRGXPOSDEV02,oxzaroxposdev-jbjjm-worker-southcentralus1-c98bw
OXZSUB-TIENDA-NPRD,c309d074-7686-444f-8fc1-446681dec4e4,OXZRGXPOSDEV02,oxzaroxposdev-jbjjm-worker-southcentralus2-shw6d
OXZSUB-TIENDA-NPRD,c309d074-7686-444f-8fc1-446681dec4e4,OXZRGXPOSDEV02,oxzaroxposdev-jbjjm-worker-southcentralus2-x78hv
OXZSUB-TIENDA-NPRD,c309d074-7686-444f-8fc1-446681dec4e4,OXZRGXPOSDEV02,oxzaroxposdev-jbjjm-worker-southcentralus3-7tbv6
OXZSUB-TIENDA-NPRD,c309d074-7686-444f-8fc1-446681dec4e4,OXZRGXPOSDEV02,oxzaroxposdev-jbjjm-worker-southcentralus3-w5lrr
OXZSUB-INTEGRACIÓN-NPRD,d49fa4b0-f47a-423c-bd2b-deda03305f6b,ARO-INFRA-LZSZJ4HT-OXZAROINTNPRD01,oxzarointnprd01-7l5cj-master-0
OXZSUB-INTEGRACIÓN-NPRD,d49fa4b0-f47a-423c-bd2b-deda03305f6b,ARO-INFRA-LZSZJ4HT-OXZAROINTNPRD01,oxzarointnprd01-7l5cj-master-1
OXZSUB-INTEGRACIÓN-NPRD,d49fa4b0-f47a-423c-bd2b-deda03305f6b,ARO-INFRA-LZSZJ4HT-OXZAROINTNPRD01,oxzarointnprd01-7l5cj-master-2
OXZSUB-INTEGRACIÓN-NPRD,d49fa4b0-f47a-423c-bd2b-deda03305f6b,ARO-INFRA-LZSZJ4HT-OXZAROINTNPRD01,oxzarointnprd01-7l5cj-worker-southcentralus1-6dwsl
OXZSUB-INTEGRACIÓN-NPRD,d49fa4b0-f47a-423c-bd2b-deda03305f6b,ARO-INFRA-LZSZJ4HT-OXZAROINTNPRD01,oxzarointnprd01-7l5cj-worker-southcentralus1-plmgw
OXZSUB-INTEGRACIÓN-NPRD,d49fa4b0-f47a-423c-bd2b-deda03305f6b,ARO-INFRA-LZSZJ4HT-OXZAROINTNPRD01,oxzarointnprd01-7l5cj-worker-southcentralus2-4m66f
OXZSUB-INTEGRACIÓN-NPRD,d49fa4b0-f47a-423c-bd2b-deda03305f6b,ARO-INFRA-LZSZJ4HT-OXZAROINTNPRD01,oxzarointnprd01-7l5cj-worker-southcentralus2-n69v4
OXZSUB-INTEGRACIÓN-NPRD,d49fa4b0-f47a-423c-bd2b-deda03305f6b,ARO-INFRA-LZSZJ4HT-OXZAROINTNPRD01,oxzarointnprd01-7l5cj-worker-southcentralus3-vxzm2
OXZSUB-INTEGRACIÓN-NPRD,d49fa4b0-f47a-423c-bd2b-deda03305f6b,OXZRGAPMINTNPRD01,kyndryl-testing-vm00
OXZSUB-INTEGRACIÓN-NPRD,d49fa4b0-f47a-423c-bd2b-deda03305f6b,OXZRGE2ED01,OXZVME2EAPD01
OXZSUB-INTEGRACIÓN-NPRD,d49fa4b0-f47a-423c-bd2b-deda03305f6b,OXZRGE2EQ01,OXZVME2EAPQ01
OXZSUB-INTEGRACIÓN-NPRD,d49fa4b0-f47a-423c-bd2b-deda03305f6b,OXZRGERDDD01,OXZVMERDDDAP0T
OXZSUB-INTEGRACIÓN-NPRD,d49fa4b0-f47a-423c-bd2b-deda03305f6b,OXZRGERDDD02,OXZVMERDDDAP02
OXZSUB-INTEGRACIÓN-NPRD,d49fa4b0-f47a-423c-bd2b-deda03305f6b,OXZRGERDDQ01,OXZVMERDDAPQ01
OXZSUB-INTEGRACIÓN-NPRD,d49fa4b0-f47a-423c-bd2b-deda03305f6b,OXZRGWEBMD01,Orcl-Graph
OXZSUB-INTEGRACIÓN-NPRD,d49fa4b0-f47a-423c-bd2b-deda03305f6b,OXZRGWEBMD01,OXFWM6D01
OXZSUB-INTEGRACIÓN-NPRD,d49fa4b0-f47a-423c-bd2b-deda03305f6b,OXZRGWM6Q01,oxzvmwmiracq01
OXZSUB-INTEGRACIÓN-NPRD,d49fa4b0-f47a-423c-bd2b-deda03305f6b,OXZRGWM6Q01,oxzvmwmiracq02
OXZSUB-INTEGRACIÓN-NPRD,d49fa4b0-f47a-423c-bd2b-deda03305f6b,OXZRGWM6Q01,oxzvmwmiracq03
OXZSUB-INTEGRACIÓN-NPRD,d49fa4b0-f47a-423c-bd2b-deda03305f6b,OXZSNETBDINTQ01,FCOWMRDBQA
OXZSUB-INTEGRACIÓN-NPRD,d49fa4b0-f47a-423c-bd2b-deda03305f6b,OXZSNETBDINTQ01,OXZVMWMRQ01
OXZSUB-WEBPORTALS-NPROD,4ed8f462-19cf-4f68-9ccf-7d0999396d95,OXRGAPXD01,fcrepvc02
OXZSUB-WEBPORTALS-NPROD,4ed8f462-19cf-4f68-9ccf-7d0999396d95,OXZRGB1Q1Q01,FCMDB1Q1
OXZSUB-WEBPORTALS-NPROD,4ed8f462-19cf-4f68-9ccf-7d0999396d95,OXZRGBPMD01,OXVBPMAPPD1
OXZSUB-WEBPORTALS-NPROD,4ed8f462-19cf-4f68-9ccf-7d0999396d95,OXZRGBPMD01,oxvbpmdbd01
OXZSUB-WEBPORTALS-NPROD,4ed8f462-19cf-4f68-9ccf-7d0999396d95,OXZRGBPMQ01,OXVBPMAPQ01
OXZSUB-WEBPORTALS-NPROD,4ed8f462-19cf-4f68-9ccf-7d0999396d95,OXZRGBPMQ01,oxvbpmdbq01
OXZSUB-WEBPORTALS-NPROD,4ed8f462-19cf-4f68-9ccf-7d0999396d95,OXZRGCNTMXQ01,fcnewpd01
OXZSUB-WEBPORTALS-NPROD,4ed8f462-19cf-4f68-9ccf-7d0999396d95,OXZRGCNTMXQ01,fcnewpd1
OXZSUB-WEBPORTALS-NPROD,4ed8f462-19cf-4f68-9ccf-7d0999396d95,OXZRGFTPQ01,OXVCTMPQ2
OXZSUB-WEBPORTALS-NPROD,4ed8f462-19cf-4f68-9ccf-7d0999396d95,OXZRGOCTQ01,OXVOCTAQ01
OXZSUB-WEBPORTALS-NPROD,4ed8f462-19cf-4f68-9ccf-7d0999396d95,OXZRGOCTQ01,OXVOCTAQ02
OXZSUB-WEBPORTALS-NPROD,4ed8f462-19cf-4f68-9ccf-7d0999396d95,OXZRGOCTQ01,OXVOCTAQ03
OXZSUB-WEBPORTALS-NPROD,4ed8f462-19cf-4f68-9ccf-7d0999396d95,OXZRGPIEVED01,OXZVMPVEDLBD01
OXZSUB-WEBPORTALS-NPROD,4ed8f462-19cf-4f68-9ccf-7d0999396d95,OXZRGPIEVED01,oxzvmpvedlbd02
OXZSUB-WEBPORTALS-NPROD,4ed8f462-19cf-4f68-9ccf-7d0999396d95,OXZRGPIEVEQ01,OXVCTMPQ01
OXZSUB-WEBPORTALS-NPROD,4ed8f462-19cf-4f68-9ccf-7d0999396d95,OXZRGPIEVEQ01,OXVCTMPQ1
OXZSUB-WEBPORTALS-NPROD,4ed8f462-19cf-4f68-9ccf-7d0999396d95,OXZRGPIEVEQ01,OXZVMPVEQLBD01
OXZSUB-WEBPORTALS-NPROD,4ed8f462-19cf-4f68-9ccf-7d0999396d95,OXZRGPIEVEQ01,oxzvmpveqlbd02
OXZSUB-WEBPORTALS-NPROD,4ed8f462-19cf-4f68-9ccf-7d0999396d95,OXZRGPORTD01,fcocbdd1
OXZSUB-WEBPORTALS-NPROD,4ed8f462-19cf-4f68-9ccf-7d0999396d95,OXZRGPORTD01,fcocbdd1-new
OXZSUB-WEBPORTALS-NPROD,4ed8f462-19cf-4f68-9ccf-7d0999396d95,OXZRGPORTD01,fcocbdd1clo
OXZSUB-WEBPORTALS-NPROD,4ed8f462-19cf-4f68-9ccf-7d0999396d95,OXZRGPORTD01,OXVCTMPD01
OXZSUB-WEBPORTALS-NPROD,4ed8f462-19cf-4f68-9ccf-7d0999396d95,OXZRGPORTD01,OXVCTMPD1
OXZSUB-WEBPORTALS-NPROD,4ed8f462-19cf-4f68-9ccf-7d0999396d95,OXZRGPORTD01,OXVWFED1
OXZSUB-WEBPORTALS-NPROD,4ed8f462-19cf-4f68-9ccf-7d0999396d95,OXZRGPORTQA01,OXZVMVOPQWAP01
OXZSUB-WEBPORTALS-NPROD,4ed8f462-19cf-4f68-9ccf-7d0999396d95,OXZRGPORTQA01,OXZVMVOPQWAP01-im
OXZSUB-WEBPORTALS-NPROD,4ed8f462-19cf-4f68-9ccf-7d0999396d95,OXZRGSELQ01,OXZVMSELDBQ01
OXZSUB-WEBPORTALS-NPROD,4ed8f462-19cf-4f68-9ccf-7d0999396d95,OXZRGULTID01,fcovwfdes
OXZSUB-WEBPORTALS-NPROD,4ed8f462-19cf-4f68-9ccf-7d0999396d95,OXZRGVISD02,OXVBIWDEV01
OXZSUB-WEBPORTALS-NPROD,4ed8f462-19cf-4f68-9ccf-7d0999396d95,OXZRGVISD02,OXVISDEV01
OXZSUB-WEBPORTALS-NPROD,4ed8f462-19cf-4f68-9ccf-7d0999396d95,OXZRGVISQ01,OXZVMVISQ01
OXZSUB-WEBPORTALS-NPROD,4ed8f462-19cf-4f68-9ccf-7d0999396d95,OXZRGVISQ01,OXZVMVISQ02
OXZSUB-WEBPORTALS-NPROD,4ed8f462-19cf-4f68-9ccf-7d0999396d95,OXZRGVISQ02,OXVBIWQA01
OXZSUB-WEBPORTALS-NPROD,4ed8f462-19cf-4f68-9ccf-7d0999396d95,OXZRGVISQ02,OXVISQA01
OXZSUB-WEBPORTALS-NPROD,4ed8f462-19cf-4f68-9ccf-7d0999396d95,OXZRGWLDEV,FCOWLDES02
OXZSUB-WEBPORTALS-NPROD,4ed8f462-19cf-4f68-9ccf-7d0999396d95,OXZRGWLDEV,FCOWLDES05
OXZSUB-WEBPORTALS-NPROD,4ed8f462-19cf-4f68-9ccf-7d0999396d95,OXZRGWLDEV,FCOWLDES06
OXZSUB-WEBPORTALS-NPROD,4ed8f462-19cf-4f68-9ccf-7d0999396d95,OXZRGWLDEV,FCOWLDES07
OXZSUB-WEBPORTALS-NPROD,4ed8f462-19cf-4f68-9ccf-7d0999396d95,OXZRGWLDEV,FCOWLDES09
OXZSUB-WEBPORTALS-NPROD,4ed8f462-19cf-4f68-9ccf-7d0999396d95,OXZRGWLDEV,oxfcwpdes1-c
OXZSUB-WEBPORTALS-NPROD,4ed8f462-19cf-4f68-9ccf-7d0999396d95,OXZRGWLQA,fcoresgqa
OXZSUB-WEBPORTALS-NPROD,4ed8f462-19cf-4f68-9ccf-7d0999396d95,OXZRGWLQA,fcoresgqa01
OXZSUB-WEBPORTALS-NPROD,4ed8f462-19cf-4f68-9ccf-7d0999396d95,OXZRGWLQA,FCOWLQ02
OXZSUB-WEBPORTALS-NPROD,4ed8f462-19cf-4f68-9ccf-7d0999396d95,OXZRGWLQA,FCOWLQ03
OXZSUB-WEBPORTALS-NPROD,4ed8f462-19cf-4f68-9ccf-7d0999396d95,OXZRGWLQA,FCOWLQ05
OXZSUB-WEBPORTALS-NPROD,4ed8f462-19cf-4f68-9ccf-7d0999396d95,OXZRGWLQA,FCOWLQ06
OXZSUB-WEBPORTALS-NPROD,4ed8f462-19cf-4f68-9ccf-7d0999396d95,OXZRGWLQA,FCOWLQ07
OXZSUB-WEBPORTALS-NPROD,4ed8f462-19cf-4f68-9ccf-7d0999396d95,OXZRGWLQA,FCOWLQ09
OXZSUB-COMMON_SERVICES-NPRD,4650ff96-3375-4339-9e2b-b059e067f0a7,OXZRCTMQ01,OXZVMCTMAPPQ01
OXZSUB-COMMON_SERVICES-NPRD,4650ff96-3375-4339-9e2b-b059e067f0a7,OXZRGIDMQ01,OXVIDMD5
Bara,cd420576-758a-4dee-b96f-e41fe291cc17,BARA-VM_GROUP,Bara-VM
Bara,cd420576-758a-4dee-b96f-e41fe291cc17,BARA-VM_GROUP,OXZVMBARAPLAP01
Bara,cd420576-758a-4dee-b96f-e41fe291cc17,BARA-VM_GROUP,OXZVMBARAPLAP03
Bara,cd420576-758a-4dee-b96f-e41fe291cc17,BARA-VM_GROUP,OXZVMBARAPLAP04
Bara,cd420576-758a-4dee-b96f-e41fe291cc17,BARA-VM_GROUP_QA,Bara-VM-QA
Bara,cd420576-758a-4dee-b96f-e41fe291cc17,BAZRGEDSERVP01,BAZVMPBIPLBD01
OXZSUB-NETWORKING-PRD,69c4dfc2-84a9-466e-ab87-f915ea224b5d,OXZRGDUMP01,OXZVMDUMPLAP01
OXZSUB-NETWORKING-PRD,69c4dfc2-84a9-466e-ab87-f915ea224b5d,OXZRGDUMP01,OXZVMDUMPLAP02
OXZSUB-NETWORKING-PRD,69c4dfc2-84a9-466e-ab87-f915ea224b5d,OXZRGDUMP01,OXZVMDUMPLAP05
OXZSUB-NETWORKING-PRD,69c4dfc2-84a9-466e-ab87-f915ea224b5d,OXZRGDUMP01,OXZVMDUMPLAP06
OXZSUB-NETWORKING-PRD,69c4dfc2-84a9-466e-ab87-f915ea224b5d,ARO-INFRA-MCZ5G0YV-OXZAROACMC01,oxzaroacmc01-f6mdd-master-0
OXZSUB-NETWORKING-PRD,69c4dfc2-84a9-466e-ab87-f915ea224b5d,ARO-INFRA-MCZ5G0YV-OXZAROACMC01,oxzaroacmc01-f6mdd-master-1
OXZSUB-NETWORKING-PRD,69c4dfc2-84a9-466e-ab87-f915ea224b5d,ARO-INFRA-MCZ5G0YV-OXZAROACMC01,oxzaroacmc01-f6mdd-master-2
OXZSUB-NETWORKING-PRD,69c4dfc2-84a9-466e-ab87-f915ea224b5d,ARO-INFRA-MCZ5G0YV-OXZAROACMC01,oxzaroacmc01-f6mdd-worker-westus31-zc22c
OXZSUB-NETWORKING-PRD,69c4dfc2-84a9-466e-ab87-f915ea224b5d,ARO-INFRA-MCZ5G0YV-OXZAROACMC01,oxzaroacmc01-f6mdd-worker-westus32-jqhw6
OXZSUB-NETWORKING-PRD,69c4dfc2-84a9-466e-ab87-f915ea224b5d,ARO-INFRA-MCZ5G0YV-OXZAROACMC01,oxzaroacmc01-f6mdd-worker-westus33-g6gqn
OXZSUB-NETWORKING-PRD,69c4dfc2-84a9-466e-ab87-f915ea224b5d,OXZRGDUMP01,OXZVMDUMPLAP03
OXZSUB-NETWORKING-PRD,69c4dfc2-84a9-466e-ab87-f915ea224b5d,OXZRGDUMP01,OXZVMDUMPLAP04
OXZSUB-NETWORKING-PRD,69c4dfc2-84a9-466e-ab87-f915ea224b5d,OXZRGDUMP01,OXZVMDUMPLAP07
OXZSUB-NETWORKING-PRD,69c4dfc2-84a9-466e-ab87-f915ea224b5d,OXZRGDUMP01,OXZVMDUMPLAP08
OIZSUB-LATAM-NPRD,dff7b4e1-9130-4ad6-8bbf-5f0c61963071,OCHZRGSCHQ01,OCHZVMSCHWQAP01
OIZSUB-LATAM-NPRD,dff7b4e1-9130-4ad6-8bbf-5f0c61963071,OCZRGSCQ01,OCZVMSCQWAP01
OIZSUB-LATAM-NPRD,dff7b4e1-9130-4ad6-8bbf-5f0c61963071,OIZRGDGQAP01,OXZVMEBSLQAP01
OIZSUB-LATAM-NPRD,dff7b4e1-9130-4ad6-8bbf-5f0c61963071,OIZRGDGQAP01,OXZVMEBSLQAP02
OIZSUB-LATAM-NPRD,dff7b4e1-9130-4ad6-8bbf-5f0c61963071,OIZRGDGQAP01,OXZVMEBSLQDB01
OIZSUB-LATAM-NPRD,dff7b4e1-9130-4ad6-8bbf-5f0c61963071,OIZRGDGQAP01,OXZVMEBSLQDB02
OIZSUB-LATAM-NPRD,dff7b4e1-9130-4ad6-8bbf-5f0c61963071,OIZRGDGQAP01,OXZVMSTGLQDB01
OIZSUB-LATAM-NPRD,dff7b4e1-9130-4ad6-8bbf-5f0c61963071,OIZRGEBSNPRD01,CLOIFEBSNP1
OIZSUB-LATAM-NPRD,dff7b4e1-9130-4ad6-8bbf-5f0c61963071,OIZRGEBSNPRD01,CLOPVEBSAPD01
OIZSUB-LATAM-NPRD,dff7b4e1-9130-4ad6-8bbf-5f0c61963071,OIZRGEBSNPRD01,oifebsbd1
OIZSUB-LATAM-NPRD,dff7b4e1-9130-4ad6-8bbf-5f0c61963071,OIZRGEBSNPRD01,oifebsnp1
OIZSUB-LATAM-NPRD,dff7b4e1-9130-4ad6-8bbf-5f0c61963071,OIZRGEBSNPRD01,oifebsnp2
OIZSUB-LATAM-NPRD,dff7b4e1-9130-4ad6-8bbf-5f0c61963071,OIZRGEBSNPRD01,OIZVMEBSD01
OIZSUB-LATAM-NPRD,dff7b4e1-9130-4ad6-8bbf-5f0c61963071,OIZRGEBSNPRD01,OPVEBSAPD01
OIZSUB-LATAM-NPRD,dff7b4e1-9130-4ad6-8bbf-5f0c61963071,OIZRGEBSNPRD01,OPVEBSAPQ01
OIZSUB-LATAM-NPRD,dff7b4e1-9130-4ad6-8bbf-5f0c61963071,OIZRGEBSNPRD01,OPVEBSAPQ02
OIZSUB-LATAM-NPRD,dff7b4e1-9130-4ad6-8bbf-5f0c61963071,OIZRGFWNPRD01,OXZVMPANPRDLAP01
OIZSUB-LATAM-NPRD,dff7b4e1-9130-4ad6-8bbf-5f0c61963071,OIZRGPORTALSNPRD01,oifcntnp1
OIZSUB-LATAM-NPRD,dff7b4e1-9130-4ad6-8bbf-5f0c61963071,OIZRGPORTALSNPRD01,oifcntnp2
OIZSUB-LATAM-NPRD,dff7b4e1-9130-4ad6-8bbf-5f0c61963071,OIZRGPORTALSNPRD01,oifintnp1
OIZSUB-LATAM-NPRD,dff7b4e1-9130-4ad6-8bbf-5f0c61963071,OIZRGPORTALSNPRD01,oifintq1
OIZSUB-LATAM-NPRD,dff7b4e1-9130-4ad6-8bbf-5f0c61963071,OIZRGPORTALSNPRD01,OIVCNTD1
OIZSUB-LATAM-NPRD,dff7b4e1-9130-4ad6-8bbf-5f0c61963071,OIZRGPORTALSNPRD01,OPVCNTNP1
OIZSUB-LATAM-NPRD,dff7b4e1-9130-4ad6-8bbf-5f0c61963071,OIZRGPORTALSNPRD01,OPVCNTQ1
OIZSUB-LATAM-NPRD,dff7b4e1-9130-4ad6-8bbf-5f0c61963071,OIZRGPORTALSNPRD01,OPVCNTQ2
OIZSUB-LATAM-NPRD,dff7b4e1-9130-4ad6-8bbf-5f0c61963071,OIZRGVYGHAEP01,OIZVMVHELQAP01
OIZSUB-LATAM-NPRD,dff7b4e1-9130-4ad6-8bbf-5f0c61963071,OIZRGVYGHAEP01,OIZVMVHELQAP02
OIZSUB-LATAM-NPRD,dff7b4e1-9130-4ad6-8bbf-5f0c61963071,OIZRGVYGHAEP01,OIZVMVHELQDB01
OIZSUB-LATAM-NPRD,dff7b4e1-9130-4ad6-8bbf-5f0c61963071,OIZRGVYGSQAP01,OIZVMVYGSQAP01
OIZSUB-LATAM-NPRD,dff7b4e1-9130-4ad6-8bbf-5f0c61963071,OIZRGVYRCADB01,OIZVMVYRCADB01
OIZSUB-LATAM-NPRD,dff7b4e1-9130-4ad6-8bbf-5f0c61963071,OIZRGVYRCADB01,OPZVMRRPPJUMP03
OIZSUB-LATAM-NPRD,dff7b4e1-9130-4ad6-8bbf-5f0c61963071,OIZRGVYRDAP01,OIZVMVYRAPPDBD01
OIZSUB-LATAM-NPRD,dff7b4e1-9130-4ad6-8bbf-5f0c61963071,OIZRGVYRQAP01,oizvmneovqap01
OIZSUB-LATAM-NPRD,dff7b4e1-9130-4ad6-8bbf-5f0c61963071,OIZRGVYRQAP01,OIZVMNEOVQAP02
OIZSUB-LATAM-NPRD,dff7b4e1-9130-4ad6-8bbf-5f0c61963071,OIZRGVYRQAP01,OIZVMNEOVQAP03
OIZSUB-LATAM-NPRD,dff7b4e1-9130-4ad6-8bbf-5f0c61963071,OIZRGVYRQAP01,OIZVMNEOVQAP04
OIZSUB-LATAM-NPRD,dff7b4e1-9130-4ad6-8bbf-5f0c61963071,OIZRGVYRQAP01,OIZVMOILQAP01
OIZSUB-LATAM-NPRD,dff7b4e1-9130-4ad6-8bbf-5f0c61963071,OIZRGVYRQAP01,OIZVMOILQDB01
OIZSUB-LATAM-NPRD,dff7b4e1-9130-4ad6-8bbf-5f0c61963071,OIZRGVYSDDB01,OIZVMVYSDDB01
OIZSUB-LATAM-NPRD,dff7b4e1-9130-4ad6-8bbf-5f0c61963071,OIZRGVYSDDB01,OIZVMVYSDDB02
OIZSUB-LATAM-NPRD,dff7b4e1-9130-4ad6-8bbf-5f0c61963071,OIZRGWMOIQ01,OIFINTQ1
OIZSUB-LATAM-NPRD,dff7b4e1-9130-4ad6-8bbf-5f0c61963071,OIZRGWMOIQ01,OPVINTBDQ1
OIZSUB-LATAM-NPRD,dff7b4e1-9130-4ad6-8bbf-5f0c61963071,OPZRGRRPQAP01,OPZVMRRPQWAP01
OIZSUB-LATAM-NPRD,dff7b4e1-9130-4ad6-8bbf-5f0c61963071,OPZRGSPQ01,OPZVMSPWQAP01
OIZSUB-LATAM-NPRD,dff7b4e1-9130-4ad6-8bbf-5f0c61963071,OXZRGCDPQ01,OXZVMCDPQ01
OIZSUB-LATAM-NPRD,dff7b4e1-9130-4ad6-8bbf-5f0c61963071,OXZRGCDPQ01,OXZVMCDPQ02
OIZSUB-LATAM-NPRD,dff7b4e1-9130-4ad6-8bbf-5f0c61963071,OXZRGCDPQ01,OXZVMCDPQ03
OIZSUB-LATAM-NPRD,dff7b4e1-9130-4ad6-8bbf-5f0c61963071,OXZRGCDPQ01,OXZVMCDPQ04
OIZSUB-LATAM-NPRD,dff7b4e1-9130-4ad6-8bbf-5f0c61963071,OXZRGCDPQ01,OXZVMCDPQ05
DevXPOS,51492df7-1f86-45bb-90ff-fc035740d716,XMONITOR,xmondb
OXZSUB-WEBPORTALS-PROD,d6438074-75b7-4109-8c1e-c5dbb461bbf6,OXFCORHBD,oxfcorhbd-c
OXZSUB-WEBPORTALS-PROD,d6438074-75b7-4109-8c1e-c5dbb461bbf6,OXRGAPXP01,oxvapxprd019
OXZSUB-WEBPORTALS-PROD,d6438074-75b7-4109-8c1e-c5dbb461bbf6,OXRGBITP01,FCOIMBITP1
OXZSUB-WEBPORTALS-PROD,d6438074-75b7-4109-8c1e-c5dbb461bbf6,OXZRBPMP01,oxvbpmdbp01
OXZSUB-WEBPORTALS-PROD,d6438074-75b7-4109-8c1e-c5dbb461bbf6,OXZRGALTIP01,OXVALTP01
OXZSUB-WEBPORTALS-PROD,d6438074-75b7-4109-8c1e-c5dbb461bbf6,OXZRGARCHP01,OXVEARCH01
OXZSUB-WEBPORTALS-PROD,d6438074-75b7-4109-8c1e-c5dbb461bbf6,OXZRGFPTLP01,fcptlt05
OXZSUB-WEBPORTALS-PROD,d6438074-75b7-4109-8c1e-c5dbb461bbf6,OXZRGFPTLP01,fcptlt08
OXZSUB-WEBPORTALS-PROD,d6438074-75b7-4109-8c1e-c5dbb461bbf6,OXZRGFPTLP01,fcptlt08-restorevm
OXZSUB-WEBPORTALS-PROD,d6438074-75b7-4109-8c1e-c5dbb461bbf6,OXZRGFPTLP01,FCPTLT11
OXZSUB-WEBPORTALS-PROD,d6438074-75b7-4109-8c1e-c5dbb461bbf6,OXZRGFPTLP01,OXZRGFPTLP01-rescuevm
OXZSUB-WEBPORTALS-PROD,d6438074-75b7-4109-8c1e-c5dbb461bbf6,OXZRGGISPRD,OXZVMGISAPPP05
OXZSUB-WEBPORTALS-PROD,d6438074-75b7-4109-8c1e-c5dbb461bbf6,OXZRGGISPRD,OXZVMGISAPPP06
OXZSUB-WEBPORTALS-PROD,d6438074-75b7-4109-8c1e-c5dbb461bbf6,OXZRGGISPRD,OXZVMGISAPPP07
OXZSUB-WEBPORTALS-PROD,d6438074-75b7-4109-8c1e-c5dbb461bbf6,OXZRGGISPRD,OXZVMGISAPPP08
OXZSUB-WEBPORTALS-PROD,d6438074-75b7-4109-8c1e-c5dbb461bbf6,OXZRGGISPRD,OXZVMGISDBP02
OXZSUB-WEBPORTALS-PROD,d6438074-75b7-4109-8c1e-c5dbb461bbf6,OXZRGIASPRD,OXZVMIASDGP01
OXZSUB-WEBPORTALS-PROD,d6438074-75b7-4109-8c1e-c5dbb461bbf6,OXZRGIMAP01,FCIMAPPRD
OXZSUB-WEBPORTALS-PROD,d6438074-75b7-4109-8c1e-c5dbb461bbf6,OXZRGLASERP01,FCOPTPRD-testing
OXZSUB-WEBPORTALS-PROD,d6438074-75b7-4109-8c1e-c5dbb461bbf6,OXZRGMEXP01,FCIMMEX08
OXZSUB-WEBPORTALS-PROD,d6438074-75b7-4109-8c1e-c5dbb461bbf6,OXZRGMOSP01,FCOATMOS01
OXZSUB-WEBPORTALS-PROD,d6438074-75b7-4109-8c1e-c5dbb461bbf6,OXZRGMTYP01,FCFPMTY01N
OXZSUB-WEBPORTALS-PROD,d6438074-75b7-4109-8c1e-c5dbb461bbf6,OXZRGPCCPAP,OXVCTCP1
OXZSUB-WEBPORTALS-PROD,d6438074-75b7-4109-8c1e-c5dbb461bbf6,OXZRGPDTP01,FCOPDTDB
OXZSUB-WEBPORTALS-PROD,d6438074-75b7-4109-8c1e-c5dbb461bbf6,OXZRGPIEVEP01,oxvctmpp01
OXZSUB-WEBPORTALS-PROD,d6438074-75b7-4109-8c1e-c5dbb461bbf6,OXZRGPIEVEP01,OXVCTMPP1
OXZSUB-WEBPORTALS-PROD,d6438074-75b7-4109-8c1e-c5dbb461bbf6,OXZRGPLANP01,OXPLAP1
OXZSUB-WEBPORTALS-PROD,d6438074-75b7-4109-8c1e-c5dbb461bbf6,OXZRGPLANP01,OXPLAP1-dummy
OXZSUB-WEBPORTALS-PROD,d6438074-75b7-4109-8c1e-c5dbb461bbf6,OXZRGPLANP01,OXPLAP2
OXZSUB-WEBPORTALS-PROD,d6438074-75b7-4109-8c1e-c5dbb461bbf6,OXZRGPLANP01,OXPLAP3
OXZSUB-WEBPORTALS-PROD,d6438074-75b7-4109-8c1e-c5dbb461bbf6,OXZRGPORTLP01,oxvlogp01
OXZSUB-WEBPORTALS-PROD,d6438074-75b7-4109-8c1e-c5dbb461bbf6,OXZRGPORTLP01,OXVLOGP1
OXZSUB-WEBPORTALS-PROD,d6438074-75b7-4109-8c1e-c5dbb461bbf6,OXZRGPORTP01,FCFTPIN
OXZSUB-WEBPORTALS-PROD,d6438074-75b7-4109-8c1e-c5dbb461bbf6,OXZRGPORTP01,OXVCTMPP2
OXZSUB-WEBPORTALS-PROD,d6438074-75b7-4109-8c1e-c5dbb461bbf6,OXZRGPORTP01,OXVWFEP1
OXZSUB-WEBPORTALS-PROD,d6438074-75b7-4109-8c1e-c5dbb461bbf6,OXZRGPORTP01,OXVWFEP1Graph
OXZSUB-WEBPORTALS-PROD,d6438074-75b7-4109-8c1e-c5dbb461bbf6,OXZRGPORTP01,OXZVMORATEMP01
OXZSUB-WEBPORTALS-PROD,d6438074-75b7-4109-8c1e-c5dbb461bbf6,OXZRGPTLP01,OXVCAPAPP01
OXZSUB-WEBPORTALS-PROD,d6438074-75b7-4109-8c1e-c5dbb461bbf6,OXZRGPTLP01,OXVCAPAPP02
OXZSUB-WEBPORTALS-PROD,d6438074-75b7-4109-8c1e-c5dbb461bbf6,OXZRGPTLP01,OXVOHSPP1
OXZSUB-WEBPORTALS-PROD,d6438074-75b7-4109-8c1e-c5dbb461bbf6,OXZRGPTLP01,OXVPMKPP1
OXZSUB-WEBPORTALS-PROD,d6438074-75b7-4109-8c1e-c5dbb461bbf6,OXZRGPTLP01,OXVPMKPP2
OXZSUB-WEBPORTALS-PROD,d6438074-75b7-4109-8c1e-c5dbb461bbf6,OXZRGPTLP01,OXVPTLP1
OXZSUB-WEBPORTALS-PROD,d6438074-75b7-4109-8c1e-c5dbb461bbf6,OXZRGPTLP01,OXVPTLP7
OXZSUB-WEBPORTALS-PROD,d6438074-75b7-4109-8c1e-c5dbb461bbf6,OXZRGPTLP01,OXVPTLP8
OXZSUB-WEBPORTALS-PROD,d6438074-75b7-4109-8c1e-c5dbb461bbf6,OXZRGRESGP01,fcoresgprd
OXZSUB-WEBPORTALS-PROD,d6438074-75b7-4109-8c1e-c5dbb461bbf6,OXZRGRESGP01,fcoresgprd01
OXZSUB-WEBPORTALS-PROD,d6438074-75b7-4109-8c1e-c5dbb461bbf6,OXZRGRIBP01,OXVXPMTY02
OXZSUB-WEBPORTALS-PROD,d6438074-75b7-4109-8c1e-c5dbb461bbf6,OXZRGSELP01,OXZVMSELDBP01
OXZSUB-WEBPORTALS-PROD,d6438074-75b7-4109-8c1e-c5dbb461bbf6,OXZRGTLTP01,OXZVMTLT9PLAP01
OXZSUB-WEBPORTALS-PROD,d6438074-75b7-4109-8c1e-c5dbb461bbf6,OXZRGWFPP01,FCOWFPRD01
OXZSUB-WEBPORTALS-PROD,d6438074-75b7-4109-8c1e-c5dbb461bbf6,OXZRGWFUP01,FCOWFU03V
OXZSUB-WEBPORTALS-PROD,d6438074-75b7-4109-8c1e-c5dbb461bbf6,OXZRGWFUP01,OXVWFPP1
OXZSUB-WEBPORTALS-PROD,d6438074-75b7-4109-8c1e-c5dbb461bbf6,RACKWARE-TEST-RG,rw-tg-vm-2
PROXZSUB-HEALTH-NPRD,3e0cb405-1689-4331-aaae-557b0d5792e7,PRXHZRGIMAD01,PRXHZVMIMADWAP01
OXZSUB-INTEGRACIÓN-PRD,3d52351c-8eaa-40a8-8c8c-dcb76669cafb,ARO-INFRA-M6JNCWPI-OXZAROINTPRD01,oxzarointprd01-8fn4f-master-0
OXZSUB-INTEGRACIÓN-PRD,3d52351c-8eaa-40a8-8c8c-dcb76669cafb,ARO-INFRA-M6JNCWPI-OXZAROINTPRD01,oxzarointprd01-8fn4f-master-1
OXZSUB-INTEGRACIÓN-PRD,3d52351c-8eaa-40a8-8c8c-dcb76669cafb,ARO-INFRA-M6JNCWPI-OXZAROINTPRD01,oxzarointprd01-8fn4f-master-2
OXZSUB-INTEGRACIÓN-PRD,3d52351c-8eaa-40a8-8c8c-dcb76669cafb,ARO-INFRA-M6JNCWPI-OXZAROINTPRD01,oxzarointprd01-8fn4f-worker-southcentralus1-bt5fq
OXZSUB-INTEGRACIÓN-PRD,3d52351c-8eaa-40a8-8c8c-dcb76669cafb,ARO-INFRA-M6JNCWPI-OXZAROINTPRD01,oxzarointprd01-8fn4f-worker-southcentralus2-lvh6h
OXZSUB-INTEGRACIÓN-PRD,3d52351c-8eaa-40a8-8c8c-dcb76669cafb,ARO-INFRA-M6JNCWPI-OXZAROINTPRD01,oxzarointprd01-8fn4f-worker-southcentralus3-nrfdr
OXZSUB-INTEGRACIÓN-PRD,3d52351c-8eaa-40a8-8c8c-dcb76669cafb,OXZRGE2EP01,OXZVME2EAPP01
OXZSUB-INTEGRACIÓN-PRD,3d52351c-8eaa-40a8-8c8c-dcb76669cafb,OXZRGERDDP01,OXZVMERDDAPP01
OXZSUB-INTEGRACIÓN-PRD,3d52351c-8eaa-40a8-8c8c-dcb76669cafb,OXZRGOBSSPKPRD01,OXZVMOBSSPKP01
OXZSUB-INTEGRACIÓN-PRD,3d52351c-8eaa-40a8-8c8c-dcb76669cafb,OXZRGOBSSPKPRD01,OXZVMOBSSPKP02
OXZSUB-CEDIS-NPROD,4e584bd9-4118-4709-85f0-a8d6a326770d,OXZRGARGQ01,OXVARGDLQ1
OXZSUB-CEDIS-NPROD,4e584bd9-4118-4709-85f0-a8d6a326770d,OXZRGCEDAXXOND,OXZVMOWXDAPP01
OXZSUB-CEDIS-NPROD,4e584bd9-4118-4709-85f0-a8d6a326770d,OXZRGCEDAXXOND,OXZVMOWXDAPP02
OXZSUB-CEDIS-NPROD,4e584bd9-4118-4709-85f0-a8d6a326770d,OXZRGCEDAXXOND,OXZVMOWXDBD01
OXZSUB-CEDIS-NPROD,4e584bd9-4118-4709-85f0-a8d6a326770d,OXZRGCEDAXXONQ,OXZVMOWXQAPP01
OXZSUB-CEDIS-NPROD,4e584bd9-4118-4709-85f0-a8d6a326770d,OXZRGCEDAXXONQ,OXZVMOWXQAPP02
OXZSUB-CEDIS-NPROD,4e584bd9-4118-4709-85f0-a8d6a326770d,OXZRGCEDAXXONQ,OXZVMOWXQBD01
OXZSUB-CEDIS-NPROD,4e584bd9-4118-4709-85f0-a8d6a326770d,OXZRGCEDAXXONQ,OXZVMWCSQAP01
OXZSUB-CEDIS-NPROD,4e584bd9-4118-4709-85f0-a8d6a326770d,OXZRGCEDAXXONQ,oxzvmwcsqropa01-test
OXZSUB-CEDIS-NPROD,4e584bd9-4118-4709-85f0-a8d6a326770d,OXZRGCEDQ01,FCOQAVOZ01
OXZSUB-CEDIS-NPROD,4e584bd9-4118-4709-85f0-a8d6a326770d,OXZRGCEDQ01,OXVBDOQ1
OXZSUB-CEDIS-NPROD,4e584bd9-4118-4709-85f0-a8d6a326770d,OXZRGCEDQ01,OXVBDOQ1ResVM
OXZSUB-CEDIS-NPROD,4e584bd9-4118-4709-85f0-a8d6a326770d,OXZRGCEDQ01,OXVVOZQA01
OXZSUB-CEDIS-NPROD,4e584bd9-4118-4709-85f0-a8d6a326770d,OXZRGCESQ03,OXVCESQLQ03
OXZSUB-CEDIS-NPROD,4e584bd9-4118-4709-85f0-a8d6a326770d,OXZRGINFCED01,FCCEMTY05
OXZSUB-CEDIS-NPROD,4e584bd9-4118-4709-85f0-a8d6a326770d,OXZRGMTYQ01,FCCEMTY02
OXZSUB-CEDIS-NPROD,4e584bd9-4118-4709-85f0-a8d6a326770d,OXZRGNUCQ01,OXVWLNUC1
OXZSUB-CEDIS-NPROD,4e584bd9-4118-4709-85f0-a8d6a326770d,OXZRGPVCD01,FCAPXDES
OXZSUB-CEDIS-NPROD,4e584bd9-4118-4709-85f0-a8d6a326770d,OXZRGPVCD01,FCAPXDES01
OXZSUB-CEDIS-NPROD,4e584bd9-4118-4709-85f0-a8d6a326770d,OXZRGPVCD01,FCREPVC01
OXZSUB-CEDIS-NPROD,4e584bd9-4118-4709-85f0-a8d6a326770d,OXZRGPVCD01,FCREPVC01-TMP
OXZSUB-CEDIS-NPROD,4e584bd9-4118-4709-85f0-a8d6a326770d,OXZRGPVCD01,TEMP-Linux-JumpServer
OXZSUB-CEDIS-NPROD,4e584bd9-4118-4709-85f0-a8d6a326770d,OXZRGVNETCEDD01,OXVAUXEGDB1
OXZSUB-CEDIS-NPROD,4e584bd9-4118-4709-85f0-a8d6a326770d,OXZRGWUCQ01,TEMP-SERVER
FranquiciasOI,ead2b283-d489-4608-8ed9-ce27088a887f,OXZFRANQOIPRD01,OXZVMFOIPRDWAP3
FranquiciasOI,ead2b283-d489-4608-8ed9-ce27088a887f,OXZFRANQOIPRD01,OXZVMFOIPRDWAP5
FranquiciasOI,ead2b283-d489-4608-8ed9-ce27088a887f,OXZFRANQOIPRD03,oxzvmfoiprdwnva01
FranquiciasOI,ead2b283-d489-4608-8ed9-ce27088a887f,OXZFRANQOIPRD03,oxzvmfoiprdwnva02
OXZSUB-IMA-NPRD,10de32f4-c86a-484e-95ad-8877b15d351f,OXZRGBIOQ01,FCCASUBI02
OXZSUB-IMA-NPRD,10de32f4-c86a-484e-95ad-8877b15d351f,OXZRGELFD01,OXVELFD01
OXZSUB-IMA-NPRD,10de32f4-c86a-484e-95ad-8877b15d351f,PRXZRGIMADED,PRXZVMIMADEDWAP01
OXZSUB-SANDBOX,27004a2a-a174-4b5b-92fd-872c09afb98b,OTZRG-DOMAIN_CONTROLLERS-TEST,OTZVM-DC-TEST-A
OXZSUB-SANDBOX,27004a2a-a174-4b5b-92fd-872c09afb98b,OTZRG-DOMAIN_CONTROLLERS-TEST,OTZVM-DC-TEST-B
OXZSUB-SANDBOX,27004a2a-a174-4b5b-92fd-872c09afb98b,OXZRGACIPOC02,CloudNetworkController
OXZSUB-SANDBOX,27004a2a-a174-4b5b-92fd-872c09afb98b,OXZRGBRAU01,vm-cloudserver
OXZSUB-SANDBOX,27004a2a-a174-4b5b-92fd-872c09afb98b,OXZRGBRAU01,vm-hub-server01
OXZSUB-SANDBOX,27004a2a-a174-4b5b-92fd-872c09afb98b,OXZRGBRAU01,vm-onpremiseserver
OXZSUB-SANDBOX,27004a2a-a174-4b5b-92fd-872c09afb98b,OXZRGBRAU01,vm-onpremiseserver-02
OXZSUB-SANDBOX,27004a2a-a174-4b5b-92fd-872c09afb98b,OXZRGCMVSANQ1,KYNDVMTANIUMSNDBXLX
OXZSUB-SANDBOX,27004a2a-a174-4b5b-92fd-872c09afb98b,OXZRGCMVSANQ1,KYNDVMTANIUMSNDBXWN
OXZSUB-SANDBOX,27004a2a-a174-4b5b-92fd-872c09afb98b,OXZRGCMVSANQ1,oxzvmowleondbqa1
OXZSUB-SANDBOX,27004a2a-a174-4b5b-92fd-872c09afb98b,OXZRGCMVSANQ1,OXZVMOWXTMPPLBDQA01
OXZSUB-SANDBOX,27004a2a-a174-4b5b-92fd-872c09afb98b,OXZRGSBXS01,OXZORADB11RHEL8
OXZSUB-SANDBOX,27004a2a-a174-4b5b-92fd-872c09afb98b,OXZRGSBXS01,oxzvmoramomtest01
OXZSUB-SANDBOX,27004a2a-a174-4b5b-92fd-872c09afb98b,OXZRGVDIAPPD01,HPPROBASEXPOS
OXZSUB-SANDBOX,27004a2a-a174-4b5b-92fd-872c09afb98b,OXZRGVDIAPPD01,HPPROBASEXPOS-02
OXZSUB-SANDBOX,27004a2a-a174-4b5b-92fd-872c09afb98b,OXZRGVDIAPPD01,OXZVMXPOSTPRC01
OXZSUB-SANDBOX,27004a2a-a174-4b5b-92fd-872c09afb98b,OXZRGVDIAPPD01,OXZVMXPOSTPRC02
OXZSUB-SANDBOX,27004a2a-a174-4b5b-92fd-872c09afb98b,OXZRGVDIAPPD01,OXZVMXPOSTPRC03
OXZSUB-SANDBOX,27004a2a-a174-4b5b-92fd-872c09afb98b,OXZRGVDIAPPD01,OXZVMXPOSTPRC06
OXZSUB-SANDBOX,27004a2a-a174-4b5b-92fd-872c09afb98b,OXZRGVDIAPPD01,OXZVMXPOSTPRC07
OXZSUB-SANDBOX,27004a2a-a174-4b5b-92fd-872c09afb98b,OXZRGVDIAPPD01,OXZVMXPOSTVNT01
OXZSUB-SANDBOX,27004a2a-a174-4b5b-92fd-872c09afb98b,OXZRGVDIAPPD01,OXZVMXPOSTVNT02
OXZSUB-SANDBOX,27004a2a-a174-4b5b-92fd-872c09afb98b,OXZRGVDIAPPD01,OXZVMXPOSTVNT03
OXZSUB-SANDBOX,27004a2a-a174-4b5b-92fd-872c09afb98b,OXZRGVDIAPPD01,OXZVMXPOSTVNT06
OXZSUB-SANDBOX,27004a2a-a174-4b5b-92fd-872c09afb98b,OXZRGVDIAPPD01,OXZVMXPOSTVNT07
OXZSUB-SANDBOX,27004a2a-a174-4b5b-92fd-872c09afb98b,OXZRGVDIAPPD01,XPOSG7CajaUnica
OXZSUB-SANDBOX,27004a2a-a174-4b5b-92fd-872c09afb98b,OXZRGVDIAPPD01,XPOSHPPROPRUEBA
OXZSUB-SANDBOX,27004a2a-a174-4b5b-92fd-872c09afb98b,OXZRGBRAU02,vm-hubmx-cloudserver01
OXZSUB-SANDBOX,27004a2a-a174-4b5b-92fd-872c09afb98b,OXZRGBRAU02,vm-spoke-mx-workload01
OXZSUB-SANDBOX,27004a2a-a174-4b5b-92fd-872c09afb98b,OXZVMADD01_GROUP,DebTest01
OXZSUB-SANDBOX,27004a2a-a174-4b5b-92fd-872c09afb98b,OXZVMADD01_GROUP,OXZVMADD01
OXZSUB-SANDBOX,27004a2a-a174-4b5b-92fd-872c09afb98b,OXZVMADD01_GROUP,OXZVMADD02
Oxxo,ef8b4cdd-a694-4604-ac33-e7d4d07d06e5,IMA_COMERCIAL,tableau-201902
Oxxo,ef8b4cdd-a694-4604-ac33-e7d4d07d06e5,TIENDAINTELIGENTE,AlertsServer
Oxxo,ef8b4cdd-a694-4604-ac33-e7d4d07d06e5,DATABRICKS-RG-ECA_CIENCIA_DE_DATOS-CIM4C2YLBDLPU,1306e7f82d364c5389918815da0343b4
Oxxo,ef8b4cdd-a694-4604-ac33-e7d4d07d06e5,DATABRICKS-RG-ECA_CIENCIA_DE_DATOS-CIM4C2YLBDLPU,1e03a8ba9f9244fbb8c70b7bcf91c98f
Oxxo,ef8b4cdd-a694-4604-ac33-e7d4d07d06e5,DATABRICKS-RG-ECA_CIENCIA_DE_DATOS-CIM4C2YLBDLPU,39462716d3f74b09be9e37bd1999914c
Oxxo,ef8b4cdd-a694-4604-ac33-e7d4d07d06e5,DATABRICKS-RG-ECA_CIENCIA_DE_DATOS-CIM4C2YLBDLPU,726d8cc0eef1416a9dca52196d79b674
Oxxo,ef8b4cdd-a694-4604-ac33-e7d4d07d06e5,DATABRICKS-RG-ECA_CIENCIA_DE_DATOS-CIM4C2YLBDLPU,86a675d53a6443d08ca224dcb903a203
Oxxo,ef8b4cdd-a694-4604-ac33-e7d4d07d06e5,DATABRICKS-RG-ECA_CIENCIA_DE_DATOS-CIM4C2YLBDLPU,988f9688524d45c9a07f725ca40ac287
Oxxo,ef8b4cdd-a694-4604-ac33-e7d4d07d06e5,DATABRICKS-RG-ECA_CIENCIA_DE_DATOS-CIM4C2YLBDLPU,b0c34031852e4077b08112663abc170f
Oxxo,ef8b4cdd-a694-4604-ac33-e7d4d07d06e5,DATABRICKS-RG-ECA_CIENCIA_DE_DATOS-CIM4C2YLBDLPU,b58910ac3555497cbae671dc7eb91ac5
Oxxo,ef8b4cdd-a694-4604-ac33-e7d4d07d06e5,DATABRICKS-RG-ECA_CIENCIA_DE_DATOS-CIM4C2YLBDLPU,dea1d78222544584aebf30a5e814dcb7
Oxxo,ef8b4cdd-a694-4604-ac33-e7d4d07d06e5,DATABRICKS-RG-ECA_CIENCIA_DE_DATOS-CIM4C2YLBDLPU,f5a1d520e4b94858a53331fccaaf473f
Oxxo,ef8b4cdd-a694-4604-ac33-e7d4d07d06e5,DATABRICKS-RG-ECA_CIENCIA_DE_DATOS-CIM4C2YLBDLPU,ff60b07326694cb1bba4d78bafa6dc95
Oxxo,ef8b4cdd-a694-4604-ac33-e7d4d07d06e5,DATABRICKS-RG-LOYALTY_POC-IVVRRVSB7OZQY,02b368c9fac74f8f91b00a3ae1b84856
Oxxo,ef8b4cdd-a694-4604-ac33-e7d4d07d06e5,DATABRICKS-RG-LOYALTY_POC-IVVRRVSB7OZQY,04b67a5ab8bc4e66a0971ddd8a803044
Oxxo,ef8b4cdd-a694-4604-ac33-e7d4d07d06e5,DATABRICKS-RG-LOYALTY_POC-IVVRRVSB7OZQY,07692858fd0f40188b95c7b54c2045bd
Oxxo,ef8b4cdd-a694-4604-ac33-e7d4d07d06e5,DATABRICKS-RG-LOYALTY_POC-IVVRRVSB7OZQY,0c560d202474407ab5e323d1d0a6e9d2
Oxxo,ef8b4cdd-a694-4604-ac33-e7d4d07d06e5,DATABRICKS-RG-LOYALTY_POC-IVVRRVSB7OZQY,0fe1dac34edf4c02ae8ade7b96386ee3
Oxxo,ef8b4cdd-a694-4604-ac33-e7d4d07d06e5,DATABRICKS-RG-LOYALTY_POC-IVVRRVSB7OZQY,0fe93a21fcbf491d89e6a729b5aa92ee
Oxxo,ef8b4cdd-a694-4604-ac33-e7d4d07d06e5,DATABRICKS-RG-LOYALTY_POC-IVVRRVSB7OZQY,14e008cdfa694024851ce4b3fce746bb
Oxxo,ef8b4cdd-a694-4604-ac33-e7d4d07d06e5,DATABRICKS-RG-LOYALTY_POC-IVVRRVSB7OZQY,1552803f9dd04e7bbbe55a33da02ff5c
Oxxo,ef8b4cdd-a694-4604-ac33-e7d4d07d06e5,DATABRICKS-RG-LOYALTY_POC-IVVRRVSB7OZQY,160a1a9293cb46a78818891d3f479c5b
Oxxo,ef8b4cdd-a694-4604-ac33-e7d4d07d06e5,DATABRICKS-RG-LOYALTY_POC-IVVRRVSB7OZQY,1783de4113334b85908fd76f1f485d54
Oxxo,ef8b4cdd-a694-4604-ac33-e7d4d07d06e5,DATABRICKS-RG-LOYALTY_POC-IVVRRVSB7OZQY,1ceec710f8954aa4a534c10fe7a57b65
Oxxo,ef8b4cdd-a694-4604-ac33-e7d4d07d06e5,DATABRICKS-RG-LOYALTY_POC-IVVRRVSB7OZQY,202217bd59c74fd7b40c4e23c04274e9
Oxxo,ef8b4cdd-a694-4604-ac33-e7d4d07d06e5,DATABRICKS-RG-LOYALTY_POC-IVVRRVSB7OZQY,20db979908394d32ba83d3149c8bd2b7
Oxxo,ef8b4cdd-a694-4604-ac33-e7d4d07d06e5,DATABRICKS-RG-LOYALTY_POC-IVVRRVSB7OZQY,21b3e99fe325424b998b58c498f5cdc9
Oxxo,ef8b4cdd-a694-4604-ac33-e7d4d07d06e5,DATABRICKS-RG-LOYALTY_POC-IVVRRVSB7OZQY,2323bab478d44f8383d16627f692222c
Oxxo,ef8b4cdd-a694-4604-ac33-e7d4d07d06e5,DATABRICKS-RG-LOYALTY_POC-IVVRRVSB7OZQY,23360fb76bda4fa3af4712feb3209852
Oxxo,ef8b4cdd-a694-4604-ac33-e7d4d07d06e5,DATABRICKS-RG-LOYALTY_POC-IVVRRVSB7OZQY,2850ff7b41c045a3878512ca4f20e3a4
Oxxo,ef8b4cdd-a694-4604-ac33-e7d4d07d06e5,DATABRICKS-RG-LOYALTY_POC-IVVRRVSB7OZQY,285614ef82aa4dfbad6941437a131b76
Oxxo,ef8b4cdd-a694-4604-ac33-e7d4d07d06e5,DATABRICKS-RG-LOYALTY_POC-IVVRRVSB7OZQY,2a149535b37a4c63bb1ec0477894aac5
Oxxo,ef8b4cdd-a694-4604-ac33-e7d4d07d06e5,DATABRICKS-RG-LOYALTY_POC-IVVRRVSB7OZQY,2a21a6f7ff4440c9af1c6790b9613957
Oxxo,ef8b4cdd-a694-4604-ac33-e7d4d07d06e5,DATABRICKS-RG-LOYALTY_POC-IVVRRVSB7OZQY,2b622333a08a478baa560bab224aff8e
Oxxo,ef8b4cdd-a694-4604-ac33-e7d4d07d06e5,DATABRICKS-RG-LOYALTY_POC-IVVRRVSB7OZQY,2e0fca8b894249e5a6b82d8cddf02fe0
Oxxo,ef8b4cdd-a694-4604-ac33-e7d4d07d06e5,DATABRICKS-RG-LOYALTY_POC-IVVRRVSB7OZQY,35cfa0084cf94203b39be428659d538b
Oxxo,ef8b4cdd-a694-4604-ac33-e7d4d07d06e5,DATABRICKS-RG-LOYALTY_POC-IVVRRVSB7OZQY,3ac981bc88f642aabc4b34f26dddaed9
Oxxo,ef8b4cdd-a694-4604-ac33-e7d4d07d06e5,DATABRICKS-RG-LOYALTY_POC-IVVRRVSB7OZQY,3b4001cfb7774aa6a6000dd7f5a669fb
Oxxo,ef8b4cdd-a694-4604-ac33-e7d4d07d06e5,DATABRICKS-RG-LOYALTY_POC-IVVRRVSB7OZQY,40d9965849d044e3ba75d67c8afc2cc4
Oxxo,ef8b4cdd-a694-4604-ac33-e7d4d07d06e5,DATABRICKS-RG-LOYALTY_POC-IVVRRVSB7OZQY,43396baadb2347969b8f78a968f5abc3
Oxxo,ef8b4cdd-a694-4604-ac33-e7d4d07d06e5,DATABRICKS-RG-LOYALTY_POC-IVVRRVSB7OZQY,4692f87fdaae441ea4ed5539c20211c3
Oxxo,ef8b4cdd-a694-4604-ac33-e7d4d07d06e5,DATABRICKS-RG-LOYALTY_POC-IVVRRVSB7OZQY,4aee4873413a4961b25892fe2564685a
Oxxo,ef8b4cdd-a694-4604-ac33-e7d4d07d06e5,DATABRICKS-RG-LOYALTY_POC-IVVRRVSB7OZQY,4b8f4d6498b241209043f61243f8ec09
Oxxo,ef8b4cdd-a694-4604-ac33-e7d4d07d06e5,DATABRICKS-RG-LOYALTY_POC-IVVRRVSB7OZQY,4df014546ca1437bb0e42e60eece16ef
Oxxo,ef8b4cdd-a694-4604-ac33-e7d4d07d06e5,DATABRICKS-RG-LOYALTY_POC-IVVRRVSB7OZQY,524f98a7d2114d23ab513bbce538be7e
Oxxo,ef8b4cdd-a694-4604-ac33-e7d4d07d06e5,DATABRICKS-RG-LOYALTY_POC-IVVRRVSB7OZQY,5436d176c57e4a92814a26ceb535c451
Oxxo,ef8b4cdd-a694-4604-ac33-e7d4d07d06e5,DATABRICKS-RG-LOYALTY_POC-IVVRRVSB7OZQY,5c6a9d89a4ae41928c4589edcff2d13a
Oxxo,ef8b4cdd-a694-4604-ac33-e7d4d07d06e5,DATABRICKS-RG-LOYALTY_POC-IVVRRVSB7OZQY,5d12a7504e3b4439a034d56c003785e1
Oxxo,ef8b4cdd-a694-4604-ac33-e7d4d07d06e5,DATABRICKS-RG-LOYALTY_POC-IVVRRVSB7OZQY,5e1d207d5a9d44a9a885cd2c00af3030
Oxxo,ef8b4cdd-a694-4604-ac33-e7d4d07d06e5,DATABRICKS-RG-LOYALTY_POC-IVVRRVSB7OZQY,5e4478c2fc16494aaa5af4aa48461825
Oxxo,ef8b4cdd-a694-4604-ac33-e7d4d07d06e5,DATABRICKS-RG-LOYALTY_POC-IVVRRVSB7OZQY,66300d5c836e47099cfb6e4d18cf513d
Oxxo,ef8b4cdd-a694-4604-ac33-e7d4d07d06e5,DATABRICKS-RG-LOYALTY_POC-IVVRRVSB7OZQY,66a6c9120b7d453dab2c67ca7e1f51b8
Oxxo,ef8b4cdd-a694-4604-ac33-e7d4d07d06e5,DATABRICKS-RG-ZDBZPRDBK01-AE6USF4FKOEGG,0478e851d3044b2d95e75bbb3290286c
Oxxo,ef8b4cdd-a694-4604-ac33-e7d4d07d06e5,DATABRICKS-RG-ZDBZPRDBK01-AE6USF4FKOEGG,0a88ff8805cd4e93a4539938a3f4b04d
Oxxo,ef8b4cdd-a694-4604-ac33-e7d4d07d06e5,DATABRICKS-RG-ZDBZPRDBK01-AE6USF4FKOEGG,1be153ff4f0d42c59102af2852d796fe
Oxxo,ef8b4cdd-a694-4604-ac33-e7d4d07d06e5,DATABRICKS-RG-ZDBZPRDBK01-AE6USF4FKOEGG,1cb015e5fa8a46a79c38693909e5615a
Oxxo,ef8b4cdd-a694-4604-ac33-e7d4d07d06e5,DATABRICKS-RG-ZDBZPRDBK01-AE6USF4FKOEGG,2e381240a7a544cb8f765e4cb80fed3a
Oxxo,ef8b4cdd-a694-4604-ac33-e7d4d07d06e5,DATABRICKS-RG-ZDBZPRDBK01-AE6USF4FKOEGG,38e1e0856261466b9d50699e78dc6945
Oxxo,ef8b4cdd-a694-4604-ac33-e7d4d07d06e5,DATABRICKS-RG-ZDBZPRDBK01-AE6USF4FKOEGG,3f27503c9b454cbca90952489494b5dc
Oxxo,ef8b4cdd-a694-4604-ac33-e7d4d07d06e5,DATABRICKS-RG-ZDBZPRDBK01-AE6USF4FKOEGG,50402e3404454ae6ae14720b742a7896
Oxxo,ef8b4cdd-a694-4604-ac33-e7d4d07d06e5,DATABRICKS-RG-ZDBZPRDBK01-AE6USF4FKOEGG,5bf6cdbc55ee4578bb023e98e1d4f184
Oxxo,ef8b4cdd-a694-4604-ac33-e7d4d07d06e5,DATABRICKS-RG-ZDBZPRDBK01-AE6USF4FKOEGG,5febaa94d82a459c8bdf014fe54983fb
Oxxo,ef8b4cdd-a694-4604-ac33-e7d4d07d06e5,DATABRICKS-RG-ZDBZPRDBK01-AE6USF4FKOEGG,6233d0c9f7a5458a9945a7ad0d058f54
Oxxo,ef8b4cdd-a694-4604-ac33-e7d4d07d06e5,DATABRICKS-RG-ZDBZPRDBK01-AE6USF4FKOEGG,6408fbc391754554bd01ad2d0bf36eb8
Oxxo,ef8b4cdd-a694-4604-ac33-e7d4d07d06e5,DATABRICKS-RG-ZDBZPRDBK01-AE6USF4FKOEGG,678b231dbe304cc0988c966b2306bad7
Oxxo,ef8b4cdd-a694-4604-ac33-e7d4d07d06e5,DATABRICKS-RG-ZDBZPRDBK01-AE6USF4FKOEGG,6d645b9f230e4c1aa2c2eb38c22ea4d5
Oxxo,ef8b4cdd-a694-4604-ac33-e7d4d07d06e5,DATABRICKS-RG-ZDBZPRDBK01-AE6USF4FKOEGG,6e991745000d4bb490acf938a0ddf28a
Oxxo,ef8b4cdd-a694-4604-ac33-e7d4d07d06e5,DATABRICKS-RG-ZDBZPRDBK01-AE6USF4FKOEGG,7540449025d54caab1e105ca01c96550
Oxxo,ef8b4cdd-a694-4604-ac33-e7d4d07d06e5,DATABRICKS-RG-ZDBZPRDBK01-AE6USF4FKOEGG,7886f1590e92411792e2b2d79e7b068f
Oxxo,ef8b4cdd-a694-4604-ac33-e7d4d07d06e5,DATABRICKS-RG-ZDBZPRDBK01-AE6USF4FKOEGG,7cabed4b3ca040b6a2f449f70f814731
Oxxo,ef8b4cdd-a694-4604-ac33-e7d4d07d06e5,DATABRICKS-RG-ZDBZPRDBK01-AE6USF4FKOEGG,85b3b5c929a1407fa9fe29e888dd67e4
Oxxo,ef8b4cdd-a694-4604-ac33-e7d4d07d06e5,DATABRICKS-RG-ZDBZPRDBK01-AE6USF4FKOEGG,8b0b752eb0434940bcbd2ee6e2a9d565
Oxxo,ef8b4cdd-a694-4604-ac33-e7d4d07d06e5,DATABRICKS-RG-ZDBZPRDBK01-AE6USF4FKOEGG,aa06b36bb8164289a832cdff158d2840
Oxxo,ef8b4cdd-a694-4604-ac33-e7d4d07d06e5,DATABRICKS-RG-ZDBZPRDBK01-AE6USF4FKOEGG,b217118139b143fea3d86164328a5f7e
Oxxo,ef8b4cdd-a694-4604-ac33-e7d4d07d06e5,DATABRICKS-RG-ZDBZPRDBK01-AE6USF4FKOEGG,bcbf71ddc53444928a2ad9a66da206fd
Oxxo,ef8b4cdd-a694-4604-ac33-e7d4d07d06e5,DATABRICKS-RG-ZDBZPRDBK01-AE6USF4FKOEGG,bfcac7f0cef2422482335d22aed3cd94
Oxxo,ef8b4cdd-a694-4604-ac33-e7d4d07d06e5,DATABRICKS-RG-ZDBZPRDBK01-AE6USF4FKOEGG,c5665d0acb744ff280948b33358ea10b
Oxxo,ef8b4cdd-a694-4604-ac33-e7d4d07d06e5,DATABRICKS-RG-ZDBZPRDBK01-AE6USF4FKOEGG,c989837e08fb4c26a480cfededa0f10d
Oxxo,ef8b4cdd-a694-4604-ac33-e7d4d07d06e5,DATABRICKS-RG-ZDBZPRDBK01-AE6USF4FKOEGG,d6d5c6953269455caaa507e3dc9275cc
Oxxo,ef8b4cdd-a694-4604-ac33-e7d4d07d06e5,DATABRICKS-RG-ZDBZPRDBK01-AE6USF4FKOEGG,dd2162d632ec4a8c87e121640e473784
Oxxo,ef8b4cdd-a694-4604-ac33-e7d4d07d06e5,DATABRICKS-RG-ZDBZPRDBK01-AE6USF4FKOEGG,e3064e68d87346fe89c75c0f204d8af8
Oxxo,ef8b4cdd-a694-4604-ac33-e7d4d07d06e5,DATABRICKS-RG-ZDBZPRDBK01-AE6USF4FKOEGG,e81bd033d7734a74ac4407b1b97d6643
Oxxo,ef8b4cdd-a694-4604-ac33-e7d4d07d06e5,DATABRICKS-RG-ZDBZPRDBK01-AE6USF4FKOEGG,e9d71de3f0b24d85a0e65ed35eea7cb0
Oxxo,ef8b4cdd-a694-4604-ac33-e7d4d07d06e5,DATABRICKS-RG-ZDBZPRDBK01-AE6USF4FKOEGG,ec4c2d1c8ba143e0a5a9edca83329c33
Oxxo,ef8b4cdd-a694-4604-ac33-e7d4d07d06e5,DATABRICKS-RG-ZDBZPRDBK01-AE6USF4FKOEGG,ec901b78b3bf41c8a9be3bff5c2a7d75
Oxxo,ef8b4cdd-a694-4604-ac33-e7d4d07d06e5,DATABRICKS-RG-ZDBZPRDBK01-AE6USF4FKOEGG,edddc4188aef45229f5798dd02123e43
Oxxo,ef8b4cdd-a694-4604-ac33-e7d4d07d06e5,DATABRICKS-RG-ZDBZPRDBK01-AE6USF4FKOEGG,f2728ffae53a497f843b1840de0feadc
Oxxo,ef8b4cdd-a694-4604-ac33-e7d4d07d06e5,DATABRICKS-RG-ZDBZPRDBK01-AE6USF4FKOEGG,fe32d3c2761c44b094c4512f56997880
Oxxo,ef8b4cdd-a694-4604-ac33-e7d4d07d06e5,DATABRICKS-RG-ZDBZPRDBK01-AE6USF4FKOEGG,fecddbf9e5a941fb957464a73a1cf266
Oxxo,ef8b4cdd-a694-4604-ac33-e7d4d07d06e5,IMA_COMERCIAL,oxvazsftppoc
Oxxo,ef8b4cdd-a694-4604-ac33-e7d4d07d06e5,IMA_COMERCIAL,oxzvmcsirtpr01
Oxxo,ef8b4cdd-a694-4604-ac33-e7d4d07d06e5,MC_OXZRGTKSPRD_OXZCKTKSDEV_SOUTHCENTRALUS,aks-agentpool-35334063-0
Oxxo,ef8b4cdd-a694-4604-ac33-e7d4d07d06e5,MC_OXZRGTKSPRD_OXZCKTKSDEV_SOUTHCENTRALUS,temp-aks
Oxxo,ef8b4cdd-a694-4604-ac33-e7d4d07d06e5,OXAZRMPFILPR,sqlvm-prd
Oxxo,ef8b4cdd-a694-4604-ac33-e7d4d07d06e5,OXVAVMJPVMRG,OXVAZVMJPVMH01
Oxxo,ef8b4cdd-a694-4604-ac33-e7d4d07d06e5,OXVAVMJPVMRG,OXVAZVMJPVMH02
Oxxo,ef8b4cdd-a694-4604-ac33-e7d4d07d06e5,OXVAVMJPVMRG,OXVAZVMJPVMH03
Oxxo,ef8b4cdd-a694-4604-ac33-e7d4d07d06e5,OXVAVMJPVMRG,OXVAZVMJPVMH04
Oxxo,ef8b4cdd-a694-4604-ac33-e7d4d07d06e5,OXVAVMJPVMRG,OXVAZVMJPVMH05
Oxxo,ef8b4cdd-a694-4604-ac33-e7d4d07d06e5,OXVAVMJPVMRG,OXVAZVMJPVMH06
Oxxo,ef8b4cdd-a694-4604-ac33-e7d4d07d06e5,OXVAVMJPVMRG,OXVAZVMJPVMWP1
Oxxo,ef8b4cdd-a694-4604-ac33-e7d4d07d06e5,OXZDBRPDCMP01-RG,da364b8e417044a3a7a623afca0fc86f
Oxxo,ef8b4cdd-a694-4604-ac33-e7d4d07d06e5,DATABRICKS-RG-LOYALTY_POC-IVVRRVSB7OZQY,66e1f51b0c2c436d9733349cbcbc7546
Oxxo,ef8b4cdd-a694-4604-ac33-e7d4d07d06e5,DATABRICKS-RG-LOYALTY_POC-IVVRRVSB7OZQY,6723ff589d8e4790a750ab961cff93ec
Oxxo,ef8b4cdd-a694-4604-ac33-e7d4d07d06e5,DATABRICKS-RG-LOYALTY_POC-IVVRRVSB7OZQY,6cc35aa2063443c8b8c445492c2fe887
Oxxo,ef8b4cdd-a694-4604-ac33-e7d4d07d06e5,DATABRICKS-RG-LOYALTY_POC-IVVRRVSB7OZQY,7015401b94d44316b1683044d1448791
Oxxo,ef8b4cdd-a694-4604-ac33-e7d4d07d06e5,DATABRICKS-RG-LOYALTY_POC-IVVRRVSB7OZQY,725a9ddc9b294e8788d66de569982131
Oxxo,ef8b4cdd-a694-4604-ac33-e7d4d07d06e5,DATABRICKS-RG-LOYALTY_POC-IVVRRVSB7OZQY,7369775a5ca841e48bcffc4ce9ded5fa
Oxxo,ef8b4cdd-a694-4604-ac33-e7d4d07d06e5,DATABRICKS-RG-LOYALTY_POC-IVVRRVSB7OZQY,776e862974974df8bc559243c909eef1
Oxxo,ef8b4cdd-a694-4604-ac33-e7d4d07d06e5,DATABRICKS-RG-LOYALTY_POC-IVVRRVSB7OZQY,7896b4ce02fb4877a086759691a2317b
Oxxo,ef8b4cdd-a694-4604-ac33-e7d4d07d06e5,DATABRICKS-RG-LOYALTY_POC-IVVRRVSB7OZQY,7ed6895e31f14800a4df57e7bda05ff5
Oxxo,ef8b4cdd-a694-4604-ac33-e7d4d07d06e5,DATABRICKS-RG-LOYALTY_POC-IVVRRVSB7OZQY,8861b60eb58e48f1bd0a34e577085c4e
Oxxo,ef8b4cdd-a694-4604-ac33-e7d4d07d06e5,DATABRICKS-RG-LOYALTY_POC-IVVRRVSB7OZQY,88828b42430a4d7db3b838596e88bf01
Oxxo,ef8b4cdd-a694-4604-ac33-e7d4d07d06e5,DATABRICKS-RG-LOYALTY_POC-IVVRRVSB7OZQY,88eb7c34ecfd4325a142d2fe471f831d
Oxxo,ef8b4cdd-a694-4604-ac33-e7d4d07d06e5,DATABRICKS-RG-LOYALTY_POC-IVVRRVSB7OZQY,907638b23f28400a855f069f4ff22a95
Oxxo,ef8b4cdd-a694-4604-ac33-e7d4d07d06e5,DATABRICKS-RG-LOYALTY_POC-IVVRRVSB7OZQY,9a0de74c3fc344b4a92e4d88d31903d7
Oxxo,ef8b4cdd-a694-4604-ac33-e7d4d07d06e5,DATABRICKS-RG-LOYALTY_POC-IVVRRVSB7OZQY,9c6c69eb9bb84f49b96b41b06d1661d4
Oxxo,ef8b4cdd-a694-4604-ac33-e7d4d07d06e5,DATABRICKS-RG-LOYALTY_POC-IVVRRVSB7OZQY,9d4cdcad372d4c0183650ffc26efbddf
Oxxo,ef8b4cdd-a694-4604-ac33-e7d4d07d06e5,DATABRICKS-RG-LOYALTY_POC-IVVRRVSB7OZQY,9e06603d520842068d3f6a0782ea62f4
Oxxo,ef8b4cdd-a694-4604-ac33-e7d4d07d06e5,DATABRICKS-RG-LOYALTY_POC-IVVRRVSB7OZQY,a141698f84da4de1bcf030005e50168e
Oxxo,ef8b4cdd-a694-4604-ac33-e7d4d07d06e5,DATABRICKS-RG-LOYALTY_POC-IVVRRVSB7OZQY,a17db660572142a9a04d4758b79cc884
Oxxo,ef8b4cdd-a694-4604-ac33-e7d4d07d06e5,DATABRICKS-RG-LOYALTY_POC-IVVRRVSB7OZQY,a211bf0b12024e958241c3c2da722616
Oxxo,ef8b4cdd-a694-4604-ac33-e7d4d07d06e5,DATABRICKS-RG-LOYALTY_POC-IVVRRVSB7OZQY,a262af28230f40d88c027322a4099443
Oxxo,ef8b4cdd-a694-4604-ac33-e7d4d07d06e5,DATABRICKS-RG-LOYALTY_POC-IVVRRVSB7OZQY,a2b3abd03c7b40b99d1c166809f3ad2a
Oxxo,ef8b4cdd-a694-4604-ac33-e7d4d07d06e5,DATABRICKS-RG-LOYALTY_POC-IVVRRVSB7OZQY,a5292286e71a4919a6daa49ade96ef61
Oxxo,ef8b4cdd-a694-4604-ac33-e7d4d07d06e5,DATABRICKS-RG-LOYALTY_POC-IVVRRVSB7OZQY,a8031dcb18b346b68b703e338177c1ab
Oxxo,ef8b4cdd-a694-4604-ac33-e7d4d07d06e5,DATABRICKS-RG-LOYALTY_POC-IVVRRVSB7OZQY,a824138b3b144bd59901bf12f9d7b544
Oxxo,ef8b4cdd-a694-4604-ac33-e7d4d07d06e5,DATABRICKS-RG-LOYALTY_POC-IVVRRVSB7OZQY,a8ea6cbe4f6346719a83866313121ce7
Oxxo,ef8b4cdd-a694-4604-ac33-e7d4d07d06e5,DATABRICKS-RG-LOYALTY_POC-IVVRRVSB7OZQY,abc47db317934d969102fcfacd004112
Oxxo,ef8b4cdd-a694-4604-ac33-e7d4d07d06e5,DATABRICKS-RG-LOYALTY_POC-IVVRRVSB7OZQY,ad318324159847089357251d269f0b93
Oxxo,ef8b4cdd-a694-4604-ac33-e7d4d07d06e5,DATABRICKS-RG-LOYALTY_POC-IVVRRVSB7OZQY,ad9d3cc173104f9d94deaa5812c7d0c9
Oxxo,ef8b4cdd-a694-4604-ac33-e7d4d07d06e5,DATABRICKS-RG-LOYALTY_POC-IVVRRVSB7OZQY,af981aaf183647ad85410b90b74172f7
Oxxo,ef8b4cdd-a694-4604-ac33-e7d4d07d06e5,DATABRICKS-RG-LOYALTY_POC-IVVRRVSB7OZQY,b1beee0257fb487ca504f0ad66706a40
Oxxo,ef8b4cdd-a694-4604-ac33-e7d4d07d06e5,DATABRICKS-RG-LOYALTY_POC-IVVRRVSB7OZQY,b7a70cd5647c4a7cb2f49b3e4f7e2644
Oxxo,ef8b4cdd-a694-4604-ac33-e7d4d07d06e5,DATABRICKS-RG-LOYALTY_POC-IVVRRVSB7OZQY,c32977df34cd4bee8ba34e236c55a29e
Oxxo,ef8b4cdd-a694-4604-ac33-e7d4d07d06e5,DATABRICKS-RG-LOYALTY_POC-IVVRRVSB7OZQY,c4ce0ad6be2041dcba81734d70158250
Oxxo,ef8b4cdd-a694-4604-ac33-e7d4d07d06e5,DATABRICKS-RG-LOYALTY_POC-IVVRRVSB7OZQY,d234d197d14845c797a746c64d7553bc
Oxxo,ef8b4cdd-a694-4604-ac33-e7d4d07d06e5,DATABRICKS-RG-LOYALTY_POC-IVVRRVSB7OZQY,d2519215e2c94675802f091463a83f26
Oxxo,ef8b4cdd-a694-4604-ac33-e7d4d07d06e5,DATABRICKS-RG-LOYALTY_POC-IVVRRVSB7OZQY,d8da6ffa33894391b596e29e0608ebed
Oxxo,ef8b4cdd-a694-4604-ac33-e7d4d07d06e5,DATABRICKS-RG-LOYALTY_POC-IVVRRVSB7OZQY,d90c17cbbd3b41f3bc5fd7ba9d4fcd93
Oxxo,ef8b4cdd-a694-4604-ac33-e7d4d07d06e5,DATABRICKS-RG-LOYALTY_POC-IVVRRVSB7OZQY,db0e52603afc44d9833bcd2e1706f4d6
Oxxo,ef8b4cdd-a694-4604-ac33-e7d4d07d06e5,DATABRICKS-RG-LOYALTY_POC-IVVRRVSB7OZQY,de773865aada46c586b9a502d32b24da
Oxxo,ef8b4cdd-a694-4604-ac33-e7d4d07d06e5,DATABRICKS-RG-LOYALTY_POC-IVVRRVSB7OZQY,de93b94db5c944699d00b1a88d1fc12d
Oxxo,ef8b4cdd-a694-4604-ac33-e7d4d07d06e5,DATABRICKS-RG-LOYALTY_POC-IVVRRVSB7OZQY,deb0ba23f68847238ca8fdbeb3186ef4
Oxxo,ef8b4cdd-a694-4604-ac33-e7d4d07d06e5,DATABRICKS-RG-LOYALTY_POC-IVVRRVSB7OZQY,e06a720a90374a6a9443617923bbc9e1
Oxxo,ef8b4cdd-a694-4604-ac33-e7d4d07d06e5,DATABRICKS-RG-LOYALTY_POC-IVVRRVSB7OZQY,e06f6a7f26b141fcbcc0bc6cbcbcd9fe
Oxxo,ef8b4cdd-a694-4604-ac33-e7d4d07d06e5,DATABRICKS-RG-LOYALTY_POC-IVVRRVSB7OZQY,e24249a90f6d4c01a084318b4ca8df0c
Oxxo,ef8b4cdd-a694-4604-ac33-e7d4d07d06e5,DATABRICKS-RG-LOYALTY_POC-IVVRRVSB7OZQY,e2e3bf80201343e5909c88dcd2fce4bb
Oxxo,ef8b4cdd-a694-4604-ac33-e7d4d07d06e5,DATABRICKS-RG-LOYALTY_POC-IVVRRVSB7OZQY,e3c67b9068754a059fbdba1aa7462694
Oxxo,ef8b4cdd-a694-4604-ac33-e7d4d07d06e5,DATABRICKS-RG-LOYALTY_POC-IVVRRVSB7OZQY,e45f66902c2742d6b018317c0a6f112e
Oxxo,ef8b4cdd-a694-4604-ac33-e7d4d07d06e5,DATABRICKS-RG-LOYALTY_POC-IVVRRVSB7OZQY,e4d14b4744a24f06a8b3fae870441743
Oxxo,ef8b4cdd-a694-4604-ac33-e7d4d07d06e5,DATABRICKS-RG-LOYALTY_POC-IVVRRVSB7OZQY,e7a06ae673eb458da358eff10f901b0d
Oxxo,ef8b4cdd-a694-4604-ac33-e7d4d07d06e5,OXZDBRPDCMP01-RG,e2545f1237f34fd7a76cab45799406ad
Oxxo,ef8b4cdd-a694-4604-ac33-e7d4d07d06e5,OXZRGALP01,OXZVMALAPLAP02
Oxxo,ef8b4cdd-a694-4604-ac33-e7d4d07d06e5,OXZRGANFDEV01,OXZVMANFDWAP01
Oxxo,ef8b4cdd-a694-4604-ac33-e7d4d07d06e5,OXZRGANFPRD01,OXZVMANFPWAP01
Oxxo,ef8b4cdd-a694-4604-ac33-e7d4d07d06e5,OXZRGAPMQ01,OXZVMAPPMWAP01
Oxxo,ef8b4cdd-a694-4604-ac33-e7d4d07d06e5,OXZRGATVP01,OXVHATVP01
Oxxo,ef8b4cdd-a694-4604-ac33-e7d4d07d06e5,OXZRGBCGDEV,zdbzprbcglxvm01
Oxxo,ef8b4cdd-a694-4604-ac33-e7d4d07d06e5,OXZRGCOMMVAULTPROD,OXZVMCOMMVMEAGP01
Oxxo,ef8b4cdd-a694-4604-ac33-e7d4d07d06e5,OXZRGCORESEGPRD,OXVMCORESEGPRDWAP07
Oxxo,ef8b4cdd-a694-4604-ac33-e7d4d07d06e5,OXZRGCORESEGPRD,OXZVMCORESEGPRDL01
Oxxo,ef8b4cdd-a694-4604-ac33-e7d4d07d06e5,OXZRGCORESEGPRD,OXZVMCORESEGPRDWAP01
Oxxo,ef8b4cdd-a694-4604-ac33-e7d4d07d06e5,OXZRGCORESEGPRD,OXZVMCORESEGPRDWAP02
Oxxo,ef8b4cdd-a694-4604-ac33-e7d4d07d06e5,OXZRGCORESEGPRD,OXZVMCORESEGPRDWAP03
Oxxo,ef8b4cdd-a694-4604-ac33-e7d4d07d06e5,OXZRGCORESEGPRD,OXZVMCORESEGPRDWAP04
Oxxo,ef8b4cdd-a694-4604-ac33-e7d4d07d06e5,OXZRGCORESEGPRD,OXZVMCORESEGPRDWAP06
Oxxo,ef8b4cdd-a694-4604-ac33-e7d4d07d06e5,OXZRGCORESEGPRD,OXZVMCORESEGPRDWAP08
Oxxo,ef8b4cdd-a694-4604-ac33-e7d4d07d06e5,OXZRGCORESEGPRD,OXZVMCORESEGPRDWAP09
Oxxo,ef8b4cdd-a694-4604-ac33-e7d4d07d06e5,OXZRGCORESEGPRD,OXZVMCORESEGPRDWAP09V2
Oxxo,ef8b4cdd-a694-4604-ac33-e7d4d07d06e5,OXZRGCORESEGPRD,OXZVMCORESEGPRDWAP10
Oxxo,ef8b4cdd-a694-4604-ac33-e7d4d07d06e5,OXZRGCORESEGPRD,OXZVMCORESEGPRDWAP12
Oxxo,ef8b4cdd-a694-4604-ac33-e7d4d07d06e5,OXZRGCORESEGPRD,OXZVMCORESEGPRDWAP13
Oxxo,ef8b4cdd-a694-4604-ac33-e7d4d07d06e5,OXZRGCORESEGPRD,OXZVMCORESEGPRDWAP14
Oxxo,ef8b4cdd-a694-4604-ac33-e7d4d07d06e5,OXZRGCORESEGPRD,OXZVMCORESEGPRDWAP15
Oxxo,ef8b4cdd-a694-4604-ac33-e7d4d07d06e5,OXZRGCORESEGPRD,OXZVMCORESEGPRDWAP16
Oxxo,ef8b4cdd-a694-4604-ac33-e7d4d07d06e5,OXZRGCORESEGPRD,OXZVMIMPSEGPRDWAP01
Oxxo,ef8b4cdd-a694-4604-ac33-e7d4d07d06e5,OXZRGCORESEGPRD,OXZVMIMPSEGPRDWAP03
Oxxo,ef8b4cdd-a694-4604-ac33-e7d4d07d06e5,OXZRGCORESEGPRD,OXZVMIMPSEGPRDWAP04
Oxxo,ef8b4cdd-a694-4604-ac33-e7d4d07d06e5,OXZRGCORESEGPRD,OXZVMIMPSEGPRDWAP05
Oxxo,ef8b4cdd-a694-4604-ac33-e7d4d07d06e5,OXZRGCORESEGPRD,OXZVMIMPSEGPRDWAP06
Oxxo,ef8b4cdd-a694-4604-ac33-e7d4d07d06e5,OXZRGCORESEGPRD,OXZVMIMPSEGPRDWAP07
Oxxo,ef8b4cdd-a694-4604-ac33-e7d4d07d06e5,OXZRGCORESEGPRD,OXZVMIMPSEGPRDWAP08
Oxxo,ef8b4cdd-a694-4604-ac33-e7d4d07d06e5,OXZRGCORESEGPRD,OXZVMIMPSEGPRDWAP09
Oxxo,ef8b4cdd-a694-4604-ac33-e7d4d07d06e5,OXZRGCORESEGPRD,OXZVMIMPSEGPRDWAP10
Oxxo,ef8b4cdd-a694-4604-ac33-e7d4d07d06e5,OXZRGCORESEGPRD,OXZVMIMPSEGPRDWAP11
Oxxo,ef8b4cdd-a694-4604-ac33-e7d4d07d06e5,OXZRGCORESEGPRD,OXZVMMARXPLAP01
Oxxo,ef8b4cdd-a694-4604-ac33-e7d4d07d06e5,OXZRGCORESEGPRD,OXZVMPACPWAP01
Oxxo,ef8b4cdd-a694-4604-ac33-e7d4d07d06e5,OXZRGCORESEGPRD,OXZVMSEGVFMC
Oxxo,ef8b4cdd-a694-4604-ac33-e7d4d07d06e5,OXZRGCORESEGPRD,OXZVMSRHPAP01
Oxxo,ef8b4cdd-a694-4604-ac33-e7d4d07d06e5,OXZRGCORESEGPRD,OXZVMSRHPAP02
Oxxo,ef8b4cdd-a694-4604-ac33-e7d4d07d06e5,OXZRGCORESEGPRD,OXZVMSRHPAP03
Oxxo,ef8b4cdd-a694-4604-ac33-e7d4d07d06e5,OXZRGDATABITZPRD,zdbzprdfirvm01
Oxxo,ef8b4cdd-a694-4604-ac33-e7d4d07d06e5,OXZRGDATABITZPRD,zdbzprdfirvm02
Oxxo,ef8b4cdd-a694-4604-ac33-e7d4d07d06e5,OXZRGDATABITZPRD,zdbzprdfirvm03
Oxxo,ef8b4cdd-a694-4604-ac33-e7d4d07d06e5,OXZRGDCPRD,OXZVMADPWAP07
Oxxo,ef8b4cdd-a694-4604-ac33-e7d4d07d06e5,OXZRGDCPRD,OXZVMADPWAP08
Oxxo,ef8b4cdd-a694-4604-ac33-e7d4d07d06e5,OXZRGDCPRD,OXZVMADPWAP09
Oxxo,ef8b4cdd-a694-4604-ac33-e7d4d07d06e5,OXZRGDCPRD,OXZVMADPWAP10
Oxxo,ef8b4cdd-a694-4604-ac33-e7d4d07d06e5,OXZRGDTTPRD,OXZVMDTTPWAP01
Oxxo,ef8b4cdd-a694-4604-ac33-e7d4d07d06e5,OXZRGECAPRD,OXZVMECAPRD01
Oxxo,ef8b4cdd-a694-4604-ac33-e7d4d07d06e5,OXZRGEXCHP01,OXZVEXBASWAP01
Oxxo,ef8b4cdd-a694-4604-ac33-e7d4d07d06e5,DATABRICKS-RG-LOYALTY_POC-IVVRRVSB7OZQY,e821e60092894c879c29c32a618b68ab
Oxxo,ef8b4cdd-a694-4604-ac33-e7d4d07d06e5,DATABRICKS-RG-LOYALTY_POC-IVVRRVSB7OZQY,e9cf8be7d8444be1bb1415f502df1b26
Oxxo,ef8b4cdd-a694-4604-ac33-e7d4d07d06e5,DATABRICKS-RG-LOYALTY_POC-IVVRRVSB7OZQY,ec63743ea98b465082c54be31de9e9af
Oxxo,ef8b4cdd-a694-4604-ac33-e7d4d07d06e5,DATABRICKS-RG-LOYALTY_POC-IVVRRVSB7OZQY,ee2d807c4a124e77b37b96a05bff6b76
Oxxo,ef8b4cdd-a694-4604-ac33-e7d4d07d06e5,DATABRICKS-RG-LOYALTY_POC-IVVRRVSB7OZQY,ef1e1600ec1a410dac064ca9ed01fd49
Oxxo,ef8b4cdd-a694-4604-ac33-e7d4d07d06e5,DATABRICKS-RG-LOYALTY_POC-IVVRRVSB7OZQY,ef91d7365095471fa2685d0d28d52506
Oxxo,ef8b4cdd-a694-4604-ac33-e7d4d07d06e5,DATABRICKS-RG-LOYALTY_POC-IVVRRVSB7OZQY,f14a6baeb6734a3885194b76366e0206
Oxxo,ef8b4cdd-a694-4604-ac33-e7d4d07d06e5,DATABRICKS-RG-LOYALTY_POC-IVVRRVSB7OZQY,f215b64a23d340af980ee61bc359a146
Oxxo,ef8b4cdd-a694-4604-ac33-e7d4d07d06e5,DATABRICKS-RG-LOYALTY_POC-IVVRRVSB7OZQY,f723aab7b9924894af7a31143aea627b
Oxxo,ef8b4cdd-a694-4604-ac33-e7d4d07d06e5,DATABRICKS-RG-LOYALTY_POC-IVVRRVSB7OZQY,fc221bc756ca4298a0f22969b96c6908
Oxxo,ef8b4cdd-a694-4604-ac33-e7d4d07d06e5,DATABRICKS-RG-LOYALTY_POC-IVVRRVSB7OZQY,fde004a87cc942e8b47a24f42de31bd9
Oxxo,ef8b4cdd-a694-4604-ac33-e7d4d07d06e5,DATABRICKS-RG-LOYALTY_POC-IVVRRVSB7OZQY,ffed519d55d147e4bc443a56add2562e
Oxxo,ef8b4cdd-a694-4604-ac33-e7d4d07d06e5,OXZRGEXCHP01,OXZVMADPWAP01
Oxxo,ef8b4cdd-a694-4604-ac33-e7d4d07d06e5,OXZRGEXCHP01,OXZVMADPWAP02
Oxxo,ef8b4cdd-a694-4604-ac33-e7d4d07d06e5,OXZRGEXCHP01,OXZVMADPWAP03
Oxxo,ef8b4cdd-a694-4604-ac33-e7d4d07d06e5,OXZRGEXCHP01,OXZVMADPWAP04
Oxxo,ef8b4cdd-a694-4604-ac33-e7d4d07d06e5,OXZRGEXCHP01,OXZVMADPWAP05
Oxxo,ef8b4cdd-a694-4604-ac33-e7d4d07d06e5,OXZRGEXCHP01,OXZVMADPWAP06
Oxxo,ef8b4cdd-a694-4604-ac33-e7d4d07d06e5,OXZRGEXCHP01,OXZVMEXCPWAP01
Oxxo,ef8b4cdd-a694-4604-ac33-e7d4d07d06e5,OXZRGEXCHP01,OXZVMEXCPWAP02
Oxxo,ef8b4cdd-a694-4604-ac33-e7d4d07d06e5,OXZRGFGTKSVNETPRD,deletetestconn
Oxxo,ef8b4cdd-a694-4604-ac33-e7d4d07d06e5,OXZRGFGTKSVNETPRD,deletetestconn01
Oxxo,ef8b4cdd-a694-4604-ac33-e7d4d07d06e5,OXZRGFGTKSVNETPRD,deletetestconn02
Oxxo,ef8b4cdd-a694-4604-ac33-e7d4d07d06e5,OXZRGIMALATDEV01,OXZVMIMALTDWAP1
Oxxo,ef8b4cdd-a694-4604-ac33-e7d4d07d06e5,OXZRGIMALATPRD01,OXZVMIMALTPWAP1
Oxxo,ef8b4cdd-a694-4604-ac33-e7d4d07d06e5,OXZRGKCNSP,OXZVMKCNSANSP01
Oxxo,ef8b4cdd-a694-4604-ac33-e7d4d07d06e5,OXZRGKCNSP,oxzvmkcnspap01
Oxxo,ef8b4cdd-a694-4604-ac33-e7d4d07d06e5,OXZRGKCNSP,oxzvmkcnspap02
Oxxo,ef8b4cdd-a694-4604-ac33-e7d4d07d06e5,OXZRGKCNSP,oxzvmkcnspap03
Oxxo,ef8b4cdd-a694-4604-ac33-e7d4d07d06e5,OXZRGKCNSP,oxzvmkcnspap04
Oxxo,ef8b4cdd-a694-4604-ac33-e7d4d07d06e5,OXZRGKCNSP,oxzvmkcnspap05
Oxxo,ef8b4cdd-a694-4604-ac33-e7d4d07d06e5,OXZRGKCNSP,oxzvmkcnspap06
Oxxo,ef8b4cdd-a694-4604-ac33-e7d4d07d06e5,OXZRGKCNSP,oxzvmkcnspap07
Oxxo,ef8b4cdd-a694-4604-ac33-e7d4d07d06e5,OXZRGOWLEONPRD,oxzvmowleonappr1
Oxxo,ef8b4cdd-a694-4604-ac33-e7d4d07d06e5,OXZRGOWLEONPRD,oxzvmowleonappr2
Oxxo,ef8b4cdd-a694-4604-ac33-e7d4d07d06e5,OXZRGOWLEONPRD,oxzvmowleondbpr1
Oxxo,ef8b4cdd-a694-4604-ac33-e7d4d07d06e5,OXZRGOWLEONPRD,OXZVMWCSLEONAP01
Oxxo,ef8b4cdd-a694-4604-ac33-e7d4d07d06e5,OXZRGPEPROMD01,OXZVMPEPRMDWAP01
Oxxo,ef8b4cdd-a694-4604-ac33-e7d4d07d06e5,OXZRGPEPROMPRD01,OXZVMPEPRMPWAP01
Oxxo,ef8b4cdd-a694-4604-ac33-e7d4d07d06e5,OXZRGPERFSEGPRD,OXZVMPERFSEGPRDWAP01
Oxxo,ef8b4cdd-a694-4604-ac33-e7d4d07d06e5,OXZRGPERFSEGPRD,OXZVMPERFSEGPRDWAP02
Oxxo,ef8b4cdd-a694-4604-ac33-e7d4d07d06e5,OXZRGPERFSEGPRD,OXZVMPERFSEGPRDWAP04
Oxxo,ef8b4cdd-a694-4604-ac33-e7d4d07d06e5,OXZRGPERFSEGPRD,OXZVMPERFSEGPRDWAP05
Oxxo,ef8b4cdd-a694-4604-ac33-e7d4d07d06e5,OXZRGPERFSEGPRD,OXZVMPERFSEGPRDWAP06
Oxxo,ef8b4cdd-a694-4604-ac33-e7d4d07d06e5,OXZRGPERFSEGPRD,OXZVMPERFSEGPRDWAP07
Oxxo,ef8b4cdd-a694-4604-ac33-e7d4d07d06e5,OXZRGPERFSEGPRD,OXZVMPERFSEGPRDWAP08
Oxxo,ef8b4cdd-a694-4604-ac33-e7d4d07d06e5,OXZRGRMWP01,OXVRMWP01
Oxxo,ef8b4cdd-a694-4604-ac33-e7d4d07d06e5,OXZRGRPDCMP01,OXZVMCMPWAP01
Oxxo,ef8b4cdd-a694-4604-ac33-e7d4d07d06e5,OXZRGTBLPRD,oxzvmtblpr01
Oxxo,ef8b4cdd-a694-4604-ac33-e7d4d07d06e5,OXZRGTBLPRD,oxzvmtblpr02
Oxxo,ef8b4cdd-a694-4604-ac33-e7d4d07d06e5,OXZRGTBLPRD,oxzvmtblpr03
Oxxo,ef8b4cdd-a694-4604-ac33-e7d4d07d06e5,OXZRGTBLPRD,oxzvmtblpr04
Oxxo,ef8b4cdd-a694-4604-ac33-e7d4d07d06e5,OXZRGTBLPRD,oxzvmtblpr05
Oxxo,ef8b4cdd-a694-4604-ac33-e7d4d07d06e5,OXZRGTKSPRD,pentestrsalvador
Oxxo,ef8b4cdd-a694-4604-ac33-e7d4d07d06e5,OXZRGVPNP01,VM-TEST
Oxxo,ef8b4cdd-a694-4604-ac33-e7d4d07d06e5,OXZRGXPLPRD,ZDBZPRXPLSQLVM01
Oxxo,ef8b4cdd-a694-4604-ac33-e7d4d07d06e5,OXZVMWMIG,OXVAZFISP1
Oxxo,ef8b4cdd-a694-4604-ac33-e7d4d07d06e5,OXZVMWMIG,OXVAZFISQ1
Oxxo,ef8b4cdd-a694-4604-ac33-e7d4d07d06e5,PRUEBADNSRLR,pruebadnsrlr
Oxxo,ef8b4cdd-a694-4604-ac33-e7d4d07d06e5,RG_POC,VM-POC-TEST
Oxxo,ef8b4cdd-a694-4604-ac33-e7d4d07d06e5,TIENDAINTELIGENTE,OXZVMTIOPWAP01
Oxxo,ef8b4cdd-a694-4604-ac33-e7d4d07d06e5,TIENDAINTELIGENTE,TiendaInteligenteI
Oxxo,ef8b4cdd-a694-4604-ac33-e7d4d07d06e5,TIENDAINTELIGENTE,TiendaInteligenteII
Oxxo,ef8b4cdd-a694-4604-ac33-e7d4d07d06e5,TIENDAINTELIGENTE,TiendaInteligenteIII
OXZSUB-SERVELECT-NPROD,3dee9d8e-8f6d-4e14-a5a8-26e93a7204a8,OXZRGCCD01,OXVWQCCD01
OXZSUB-SERVELECT-NPROD,3dee9d8e-8f6d-4e14-a5a8-26e93a7204a8,OXZRGLDAPD01,OXVWQLDAPD01
OXZSUB-SERVELECT-NPROD,3dee9d8e-8f6d-4e14-a5a8-26e93a7204a8,OXZRGSASQ1,oxfsasviyapoc1
OXZSUB-SERVELECT-NPROD,3dee9d8e-8f6d-4e14-a5a8-26e93a7204a8,OXZRGSERVELECNPRD01,fcomseld1
OXZSUB-SERVELECT-NPROD,3dee9d8e-8f6d-4e14-a5a8-26e93a7204a8,OXZRGSERVELECNPRD01,fcomseld11
OXZSUB-SERVELECT-NPROD,3dee9d8e-8f6d-4e14-a5a8-26e93a7204a8,OXZRGSERVELECNPRD01,fcomseld111
OXZSUB-SERVELECT-NPROD,3dee9d8e-8f6d-4e14-a5a8-26e93a7204a8,OXZRGSERVELECNPRD01,FCOMSELD2
OXZSUB-SERVELECT-NPROD,3dee9d8e-8f6d-4e14-a5a8-26e93a7204a8,OXZRGSERVELECNPRD01,FCOMSELD22
OXZSUB-SERVELECT-NPROD,3dee9d8e-8f6d-4e14-a5a8-26e93a7204a8,OXZRGSERVELECNPRD01,oxfsasde1
OXZSUB-SERVELECT-NPROD,3dee9d8e-8f6d-4e14-a5a8-26e93a7204a8,OXZRGSERVELECNPRD01,oxfsasde2
OXZSUB-SERVELECT-NPROD,3dee9d8e-8f6d-4e14-a5a8-26e93a7204a8,OXZRGSERVELECNPRD01,oxfsasde3
OXZSUB-SERVELECT-NPROD,3dee9d8e-8f6d-4e14-a5a8-26e93a7204a8,OXZRGSERVELECNPRD01,TestVm
OxxoPRD,5226c648-6672-44a8-bcf8-b1a6b7743b96,OXZRGALTP01,OXZVMALTPWAP01
OxxoPRD,5226c648-6672-44a8-bcf8-b1a6b7743b96,OXZRGALTP01,OXZVMALTPWAP02
OxxoPRD,5226c648-6672-44a8-bcf8-b1a6b7743b96,OXZRGAMMPTESTMIGRATIONPRD,OXZVMJUMPAMPRDWAP01
OxxoPRD,5226c648-6672-44a8-bcf8-b1a6b7743b96,OXZRGBYTEBP01,OXZVMBYTEBPLAP01
OxxoPRD,5226c648-6672-44a8-bcf8-b1a6b7743b96,OXZRGBYTEBP01,OXZVMNXBYPLWS01
OxxoPRD,5226c648-6672-44a8-bcf8-b1a6b7743b96,OXZRGCACPFPRD,OXZVMCACPFPRDLAP01
OxxoPRD,5226c648-6672-44a8-bcf8-b1a6b7743b96,OXZRGCEDAGSP,OXZVMOWXAGSPLAP01
OxxoPRD,5226c648-6672-44a8-bcf8-b1a6b7743b96,OXZRGCEDAGSP,oxzvmowxagsplap02
OxxoPRD,5226c648-6672-44a8-bcf8-b1a6b7743b96,OXZRGCEDAGSP,oxzvmowxagsplbd01
OxxoPRD,5226c648-6672-44a8-bcf8-b1a6b7743b96,OXZRGCEDAGSP,OXZVMWSCAGSPLAP01
OxxoPRD,5226c648-6672-44a8-bcf8-b1a6b7743b96,OXZRGCEDAZCP,OXZVMOWXAZCPLAP01
OxxoPRD,5226c648-6672-44a8-bcf8-b1a6b7743b96,OXZRGCEDAZCP,OXZVMOWXAZCPLAP02
OxxoPRD,5226c648-6672-44a8-bcf8-b1a6b7743b96,OXZRGCEDAZCP,OXZVMOWXAZCPLBD01
OxxoPRD,5226c648-6672-44a8-bcf8-b1a6b7743b96,OXZRGCEDAZCP,OXZVMOWXTESTDB
OxxoPRD,5226c648-6672-44a8-bcf8-b1a6b7743b96,OXZRGCEDAZCP,OXZVMWSCAZCPP01
OxxoPRD,5226c648-6672-44a8-bcf8-b1a6b7743b96,OXZRGCEDCHUP,OXZVMOWXCHUPLAP01
OxxoPRD,5226c648-6672-44a8-bcf8-b1a6b7743b96,OXZRGCEDCHUP,OXZVMOWXCHUPLAP02
OxxoPRD,5226c648-6672-44a8-bcf8-b1a6b7743b96,OXZRGCEDCHUP,OXZVMOWXCHUPLBD01
OxxoPRD,5226c648-6672-44a8-bcf8-b1a6b7743b96,OXZRGCEDCHUP,OXZVMWCSCHUPA01
OxxoPRD,5226c648-6672-44a8-bcf8-b1a6b7743b96,OXZRGCEDCULP,OXZVMOWXCULPLAP01
OxxoPRD,5226c648-6672-44a8-bcf8-b1a6b7743b96,OXZRGCEDCULP,OXZVMOWXCULPLAP02
OxxoPRD,5226c648-6672-44a8-bcf8-b1a6b7743b96,OXZRGCEDCULP,OXZVMOWXCULPLBD01
OxxoPRD,5226c648-6672-44a8-bcf8-b1a6b7743b96,OXZRGCEDCULP,OXZVMWCSCULPA01
OxxoPRD,5226c648-6672-44a8-bcf8-b1a6b7743b96,OXZRGCEDESCP,OXZVMOWXESCPLAP01
OxxoPRD,5226c648-6672-44a8-bcf8-b1a6b7743b96,OXZRGCEDESCP,OXZVMOWXESCPLAP02
OxxoPRD,5226c648-6672-44a8-bcf8-b1a6b7743b96,OXZRGCEDESCP,OXZVMOWXESCPLBD01
OxxoPRD,5226c648-6672-44a8-bcf8-b1a6b7743b96,OXZRGCEDESCP,OXZVMWCSESCPA01
OxxoPRD,5226c648-6672-44a8-bcf8-b1a6b7743b96,OXZRGCEDGPEP,OXZVMOWXGPEPLAP01
OxxoPRD,5226c648-6672-44a8-bcf8-b1a6b7743b96,OXZRGCEDGPEP,OXZVMOWXGPEPLAP02
OxxoPRD,5226c648-6672-44a8-bcf8-b1a6b7743b96,OXZRGCEDGPEP,OXZVMOWXGPEPLBD01
OxxoPRD,5226c648-6672-44a8-bcf8-b1a6b7743b96,OXZRGCEDGPEP,OXZVMWCSGPEPA01
OxxoPRD,5226c648-6672-44a8-bcf8-b1a6b7743b96,OXZRGCEDLENP,OXZVMOWXLENPLAP01
OxxoPRD,5226c648-6672-44a8-bcf8-b1a6b7743b96,OXZRGCEDLENP,OXZVMOWXLENPLAP02
OxxoPRD,5226c648-6672-44a8-bcf8-b1a6b7743b96,OXZRGCEDLENP,OXZVMOWXLENPLBD01
OxxoPRD,5226c648-6672-44a8-bcf8-b1a6b7743b96,OXZRGCEDMDAP,OXZVMOWXMDAPLAP01
OxxoPRD,5226c648-6672-44a8-bcf8-b1a6b7743b96,OXZRGCEDMDAP,OXZVMOWXMDAPLAP02
OxxoPRD,5226c648-6672-44a8-bcf8-b1a6b7743b96,OXZRGCEDMDAP,OXZVMOWXMDAPLBD01
OxxoPRD,5226c648-6672-44a8-bcf8-b1a6b7743b96,OXZRGCEDMDAP,OXZVMWCSMDAPA01
OxxoPRD,5226c648-6672-44a8-bcf8-b1a6b7743b96,OXZRGCEDMXLP,OXZVMOWXMXLPLAP01
OxxoPRD,5226c648-6672-44a8-bcf8-b1a6b7743b96,OXZRGCEDMXLP,OXZVMOWXMXLPLAP02
OxxoPRD,5226c648-6672-44a8-bcf8-b1a6b7743b96,OXZRGCEDMXLP,OXZVMOWXMXLPLBD01
OxxoPRD,5226c648-6672-44a8-bcf8-b1a6b7743b96,OXZRGCEDMXLP,OXZVMWCSMXLPA01
OxxoPRD,5226c648-6672-44a8-bcf8-b1a6b7743b96,OXZRGCEDOBRP,OXZVMOWXOBRPLAP01
OxxoPRD,5226c648-6672-44a8-bcf8-b1a6b7743b96,OXZRGCEDOBRP,OXZVMOWXOBRPLAP02
OxxoPRD,5226c648-6672-44a8-bcf8-b1a6b7743b96,OXZRGCEDOBRP,OXZVMOWXOBRPLBD01
OxxoPRD,5226c648-6672-44a8-bcf8-b1a6b7743b96,OXZRGCEDOBRP,OXZVMWCSOBRPA01
OxxoPRD,5226c648-6672-44a8-bcf8-b1a6b7743b96,OXZRGCEDPAZP,OXZVMOWXPAZPLAP01
OxxoPRD,5226c648-6672-44a8-bcf8-b1a6b7743b96,OXZRGCEDPAZP,OXZVMOWXPAZPLAP02
OxxoPRD,5226c648-6672-44a8-bcf8-b1a6b7743b96,OXZRGCEDPAZP,OXZVMOWXPAZPLBD01
OxxoPRD,5226c648-6672-44a8-bcf8-b1a6b7743b96,OXZRGCEDPAZP,OXZVMWCSPAZPA01
OxxoPRD,5226c648-6672-44a8-bcf8-b1a6b7743b96,OXZRGCEDPUEP,OXZVMOWXPUEPLAP01
OxxoPRD,5226c648-6672-44a8-bcf8-b1a6b7743b96,OXZRGCEDPUEP,OXZVMOWXPUEPLAP02
OxxoPRD,5226c648-6672-44a8-bcf8-b1a6b7743b96,OXZRGCEDPUEP,OXZVMOWXPUEPLBD01
OxxoPRD,5226c648-6672-44a8-bcf8-b1a6b7743b96,OXZRGCEDPUEP,OXZVMWCSPUEPA01
OxxoPRD,5226c648-6672-44a8-bcf8-b1a6b7743b96,OXZRGCEDQROP,OXZVMOWXQROPLAP01
OxxoPRD,5226c648-6672-44a8-bcf8-b1a6b7743b96,OXZRGCEDQROP,OXZVMOWXQROPLAP02
OxxoPRD,5226c648-6672-44a8-bcf8-b1a6b7743b96,OXZRGCEDQROP,OXZVMOWXQROPLBD01
OxxoPRD,5226c648-6672-44a8-bcf8-b1a6b7743b96,OXZRGCEDQROP,OXZVMWCSQROPA01
OxxoPRD,5226c648-6672-44a8-bcf8-b1a6b7743b96,OXZRGCEDSALP,OXZVMOWXSALPLAP01
OxxoPRD,5226c648-6672-44a8-bcf8-b1a6b7743b96,OXZRGCEDSALP,OXZVMOWXSALPLAP02
OxxoPRD,5226c648-6672-44a8-bcf8-b1a6b7743b96,OXZRGCEDSALP,OXZVMOWXSALPLBD01
OxxoPRD,5226c648-6672-44a8-bcf8-b1a6b7743b96,OXZRGCEDSALP,OXZVMWCSSALPA01
OxxoPRD,5226c648-6672-44a8-bcf8-b1a6b7743b96,OXZRGCEDSMOP,OXZVMOWXSMOPLAP01
OxxoPRD,5226c648-6672-44a8-bcf8-b1a6b7743b96,OXZRGCEDSMOP,OXZVMOWXSMOPLAP02
OxxoPRD,5226c648-6672-44a8-bcf8-b1a6b7743b96,OXZRGCEDSMOP,OXZVMOWXSMOPLBD01
OxxoPRD,5226c648-6672-44a8-bcf8-b1a6b7743b96,OXZRGCEDSMOP,OXZVMWCSSMOPA01
OxxoPRD,5226c648-6672-44a8-bcf8-b1a6b7743b96,OXZRGCEDTIJP,OXZVMOWXTIJPLAP01
OxxoPRD,5226c648-6672-44a8-bcf8-b1a6b7743b96,OXZRGCEDTIJP,OXZVMOWXTIJPLAP02
OxxoPRD,5226c648-6672-44a8-bcf8-b1a6b7743b96,OXZRGCEDTIJP,OXZVMOWXTIJPLBD01
OxxoPRD,5226c648-6672-44a8-bcf8-b1a6b7743b96,OXZRGCEDTIJP,OXZVMWCSTIJPA01
OxxoPRD,5226c648-6672-44a8-bcf8-b1a6b7743b96,OXZRGCEDTLJP,oxvowexp01
OxxoPRD,5226c648-6672-44a8-bcf8-b1a6b7743b96,OXZRGCEDTLJP,oxvwlowp1
OxxoPRD,5226c648-6672-44a8-bcf8-b1a6b7743b96,OXZRGCEDTLJP,oxvwlowp2
OxxoPRD,5226c648-6672-44a8-bcf8-b1a6b7743b96,OXZRGCEDTMPP,OXZVMOWXTMPPLAP01
OxxoPRD,5226c648-6672-44a8-bcf8-b1a6b7743b96,OXZRGCEDTMPP,OXZVMOWXTMPPLAP02
OxxoPRD,5226c648-6672-44a8-bcf8-b1a6b7743b96,OXZRGCEDTMPP,OXZVMOWXTMPPLBD01
OxxoPRD,5226c648-6672-44a8-bcf8-b1a6b7743b96,OXZRGCEDTMPP,OXZVMWCSTMPPA01
OxxoPRD,5226c648-6672-44a8-bcf8-b1a6b7743b96,OXZRGCEDTOLP,OXZVMOWXTOLPLAP01
OxxoPRD,5226c648-6672-44a8-bcf8-b1a6b7743b96,OXZRGCEDTOLP,OXZVMOWXTOLPLAP02
OxxoPRD,5226c648-6672-44a8-bcf8-b1a6b7743b96,OXZRGCEDTOLP,OXZVMOWXTOLPLBD01
OxxoPRD,5226c648-6672-44a8-bcf8-b1a6b7743b96,OXZRGCEDTOLP,OXZVMWCSTOLPA01
OxxoPRD,5226c648-6672-44a8-bcf8-b1a6b7743b96,OXZRGCEDVERP,OXZVMOWXVERPLAP01
OxxoPRD,5226c648-6672-44a8-bcf8-b1a6b7743b96,OXZRGCEDVERP,OXZVMOWXVERPLAP02
OxxoPRD,5226c648-6672-44a8-bcf8-b1a6b7743b96,OXZRGCEDVERP,OXZVMOWXVERPLBD01
OxxoPRD,5226c648-6672-44a8-bcf8-b1a6b7743b96,OXZRGCEDVERP,OXZVMOWXVERPLBD02
OxxoPRD,5226c648-6672-44a8-bcf8-b1a6b7743b96,OXZRGCEDVERP,OXZVMWCSVERPA01
OxxoPRD,5226c648-6672-44a8-bcf8-b1a6b7743b96,OXZRGCEDVHSP,OXZVMOWXVHSPLAP01
OxxoPRD,5226c648-6672-44a8-bcf8-b1a6b7743b96,OXZRGCEDVHSP,OXZVMOWXVHSPLAP02
OxxoPRD,5226c648-6672-44a8-bcf8-b1a6b7743b96,OXZRGCEDVHSP,OXZVMOWXVHSPLBD01
OxxoPRD,5226c648-6672-44a8-bcf8-b1a6b7743b96,OXZRGCEDVHSP,OXZVMWCSVHSPA01
OxxoPRD,5226c648-6672-44a8-bcf8-b1a6b7743b96,OXZRGCERTSMPRD,OXZVMCERTSMPRDWAP01
OxxoPRD,5226c648-6672-44a8-bcf8-b1a6b7743b96,OXZRGCERTSMPRD,OXZVMCERTSMPRDWAP02
OxxoPRD,5226c648-6672-44a8-bcf8-b1a6b7743b96,OXZRGCSTAP01,OXZVMCSTDWAP01
OxxoPRD,5226c648-6672-44a8-bcf8-b1a6b7743b96,OXZRGCSTAP01,OXZVMCSTPWAP01
OxxoPRD,5226c648-6672-44a8-bcf8-b1a6b7743b96,OXZRGCSTAP01,OXZVMMIDSP01
OxxoPRD,5226c648-6672-44a8-bcf8-b1a6b7743b96,OXZRGCSTAP01,OXZVMMIDSP02
OxxoPRD,5226c648-6672-44a8-bcf8-b1a6b7743b96,OXZRGCSTAP01,OXZVMMIDSP03
OxxoPRD,5226c648-6672-44a8-bcf8-b1a6b7743b96,OXZRGCYBP01,OXZVCYBLAP01
OxxoPRD,5226c648-6672-44a8-bcf8-b1a6b7743b96,OXZRGCYBP01,OXZVCYBWAP01
OxxoPRD,5226c648-6672-44a8-bcf8-b1a6b7743b96,OXZRGDMDP01,oxzvmdmp01
OxxoPRD,5226c648-6672-44a8-bcf8-b1a6b7743b96,OXZRGEADP01,OXZVMEADP01
OxxoPRD,5226c648-6672-44a8-bcf8-b1a6b7743b96,OXZRGIMMEXPRD,OXZVMIMMEXPRDWDB02
OxxoPRD,5226c648-6672-44a8-bcf8-b1a6b7743b96,OXZRGINSTANAPRD,OXZVMINSP011
OxxoPRD,5226c648-6672-44a8-bcf8-b1a6b7743b96,OXZRGITMP01,OXZVMITMWP01
OxxoPRD,5226c648-6672-44a8-bcf8-b1a6b7743b96,OXZRGLITIGIOPRD,OXZVMLITIGIOPRDLDB01
OxxoPRD,5226c648-6672-44a8-bcf8-b1a6b7743b96,OXZRGLITIGIOPRD,OXZVMLITIGIOPRDWAP01
OxxoPRD,5226c648-6672-44a8-bcf8-b1a6b7743b96,OXZRGOWXP,OXZVMOWXPLAP01
OxxoPRD,5226c648-6672-44a8-bcf8-b1a6b7743b96,OXZRGOWXP,OXZVMOWXPLAP02
OxxoPRD,5226c648-6672-44a8-bcf8-b1a6b7743b96,OXZRGOWXP,OXZVMOWXPLDB01
OxxoPRD,5226c648-6672-44a8-bcf8-b1a6b7743b96,OXZRGOWXP,OXZVMOWXPLDB02
OxxoPRD,5226c648-6672-44a8-bcf8-b1a6b7743b96,OXZRGRPAPRD01,OXZVMRPADRHP01
OxxoPRD,5226c648-6672-44a8-bcf8-b1a6b7743b96,OXZRGRPAPRD01,OXZVMRPADRHP010
OxxoPRD,5226c648-6672-44a8-bcf8-b1a6b7743b96,OXZRGRPAPRD01,OXZVMRPADRHP011
OxxoPRD,5226c648-6672-44a8-bcf8-b1a6b7743b96,OXZRGRPAPRD01,OXZVMRPADRHP012
OxxoPRD,5226c648-6672-44a8-bcf8-b1a6b7743b96,OXZRGRPAPRD01,OXZVMRPADRHP013
OxxoPRD,5226c648-6672-44a8-bcf8-b1a6b7743b96,OXZRGRPAPRD01,OXZVMRPADRHP014
OxxoPRD,5226c648-6672-44a8-bcf8-b1a6b7743b96,OXZRGRPAPRD01,OXZVMRPADRHP015
OxxoPRD,5226c648-6672-44a8-bcf8-b1a6b7743b96,OXZRGRPAPRD01,OXZVMRPADRHP016
OxxoPRD,5226c648-6672-44a8-bcf8-b1a6b7743b96,OXZRGRPAPRD01,OXZVMRPADRHP017
OxxoPRD,5226c648-6672-44a8-bcf8-b1a6b7743b96,OXZRGRPAPRD01,OXZVMRPADRHP018
OxxoPRD,5226c648-6672-44a8-bcf8-b1a6b7743b96,OXZRGRPAPRD01,OXZVMRPADRHP019
OxxoPRD,5226c648-6672-44a8-bcf8-b1a6b7743b96,OXZRGRPAPRD01,OXZVMRPADRHP02
OxxoPRD,5226c648-6672-44a8-bcf8-b1a6b7743b96,OXZRGRPAPRD01,OXZVMRPADRHP020
OxxoPRD,5226c648-6672-44a8-bcf8-b1a6b7743b96,OXZRGRPAPRD01,OXZVMRPADRHP021
OxxoPRD,5226c648-6672-44a8-bcf8-b1a6b7743b96,OXZRGRPAPRD01,OXZVMRPADRHP022
OxxoPRD,5226c648-6672-44a8-bcf8-b1a6b7743b96,OXZRGRPAPRD01,OXZVMRPADRHP023
OxxoPRD,5226c648-6672-44a8-bcf8-b1a6b7743b96,OXZRGRPAPRD01,OXZVMRPADRHP024
OxxoPRD,5226c648-6672-44a8-bcf8-b1a6b7743b96,OXZRGRPAPRD01,OXZVMRPADRHP025
OxxoPRD,5226c648-6672-44a8-bcf8-b1a6b7743b96,OXZRGRPAPRD01,OXZVMRPADRHP026
OxxoPRD,5226c648-6672-44a8-bcf8-b1a6b7743b96,OXZRGRPAPRD01,OXZVMRPADRHP027
OxxoPRD,5226c648-6672-44a8-bcf8-b1a6b7743b96,OXZRGRPAPRD01,OXZVMRPADRHP03
OxxoPRD,5226c648-6672-44a8-bcf8-b1a6b7743b96,OXZRGRPAPRD01,OXZVMRPADRHP04
OxxoPRD,5226c648-6672-44a8-bcf8-b1a6b7743b96,OXZRGRPAPRD01,OXZVMRPADRHP05
OxxoPRD,5226c648-6672-44a8-bcf8-b1a6b7743b96,OXZRGRPAPRD01,OXZVMRPADRHP06
OxxoPRD,5226c648-6672-44a8-bcf8-b1a6b7743b96,OXZRGRPAPRD01,OXZVMRPADRHP07
OxxoPRD,5226c648-6672-44a8-bcf8-b1a6b7743b96,OXZRGRPAPRD01,OXZVMRPADRHP08
OxxoPRD,5226c648-6672-44a8-bcf8-b1a6b7743b96,OXZRGRPAPRD01,OXZVMRPADRHP09
OxxoPRD,5226c648-6672-44a8-bcf8-b1a6b7743b96,OXZRGRPAPRD01,OXZVMRPARYSP01
OXG-QAS-SUS-01,09620e63-7b16-4eea-91f6-f652a66d6986,OXG-AUT-QAS-RESOURCEGROUP,OXG-AUT-QAS-VM
OXG-QAS-SUS-01,09620e63-7b16-4eea-91f6-f652a66d6986,OXG-TLD-QAS-RESOURCEGROUP,OXG-TRB-QAS-INT-VM01
OXG-QAS-SUS-01,09620e63-7b16-4eea-91f6-f652a66d6986,OXG-TRB-QAS-AGN-RESOURCEGROUP,OXG-TBR-QAS-SDP-VM
OXG-QAS-SUS-01,09620e63-7b16-4eea-91f6-f652a66d6986,OXG-TRB-QAS-AGN-RESOURCEGROUP,OXG-TRB-QAS-AGN-VM01
OXG-QAS-SUS-01,09620e63-7b16-4eea-91f6-f652a66d6986,OXG-TRB-QAS-AGN-RESOURCEGROUP,OXG-TRB-QAS-AGN-VM02
OXG-QAS-SUS-01,09620e63-7b16-4eea-91f6-f652a66d6986,OXG-TRB-QAS-AGN-RESOURCEGROUP,OXG-TRB-QAS-AGN-VM03
OXG-QAS-SUS-01,09620e63-7b16-4eea-91f6-f652a66d6986,OXG-TRB-QAS-AGN-RESOURCEGROUP,OXG-TRB-QAS-AGN-VM04
OXG-QAS-SUS-01,09620e63-7b16-4eea-91f6-f652a66d6986,OXG-AKS-QAS-RESOURCEGROUP,OXGAGNAKSQASVM
OXG-QAS-SUS-01,09620e63-7b16-4eea-91f6-f652a66d6986,OXG-AKS-QAS-RESOURCEGROUP,OXGAKSQASVM
OXG-QAS-SUS-01,09620e63-7b16-4eea-91f6-f652a66d6986,OXG-AKS-QAS-RESOURCEGROUP,OXGDBCAKSQASVM
OXG-QAS-SUS-01,09620e63-7b16-4eea-91f6-f652a66d6986,OXG-CYA-QAS-RESOURCEGROUP,OXG-CYA-QAS-VM1
OXG-QAS-SUS-01,09620e63-7b16-4eea-91f6-f652a66d6986,OXG-DET-QAS-REOURCEGROUPP,OXG-SER-QAS-VM
OXG-QAS-SUS-01,09620e63-7b16-4eea-91f6-f652a66d6986,OXG-DET-QAS-REOURCEGROUPP,OXGRBTQASVM
OXG-QAS-SUS-01,09620e63-7b16-4eea-91f6-f652a66d6986,OXG-EST-QAS-RESOURCEGROUP,OXGESTQASAGENT
OXG-QAS-SUS-01,09620e63-7b16-4eea-91f6-f652a66d6986,OXG-FTT-QAS-RESOURCEGROUP,OXG-FTT-API-QAS-VM
OXG-QAS-SUS-01,09620e63-7b16-4eea-91f6-f652a66d6986,OXG-FTT-QAS-RESOURCEGROUP,OXG-FTT-QAS-VM03
OXG-QAS-SUS-01,09620e63-7b16-4eea-91f6-f652a66d6986,OXG-GTK-QAS-RG,OXG-GTK-QAS-VM
OXG-QAS-SUS-01,09620e63-7b16-4eea-91f6-f652a66d6986,OXG-GXP-QAS-RESOURCEGROUP,OXGGXPQASVM01
OXG-QAS-SUS-01,09620e63-7b16-4eea-91f6-f652a66d6986,OXG-GXP-QAS-RESOURCEGROUP,OXGGXPQASVM04
OXG-QAS-SUS-01,09620e63-7b16-4eea-91f6-f652a66d6986,OXG-HDA-QAS-RESOURCEGROUP,OXG-HDA-QAS-VirtualMachine
OXG-QAS-SUS-01,09620e63-7b16-4eea-91f6-f652a66d6986,OXG-PSR-QAS-RESOURCEGROUP,OXG-PSR-QAS-VM
OXG-QAS-SUS-01,09620e63-7b16-4eea-91f6-f652a66d6986,OXG-RBT-QAS-RESOURCEGROUP,OXGRBTQASVM
OXG-QAS-SUS-01,09620e63-7b16-4eea-91f6-f652a66d6986,OXG-SYO-QAS-RESOURCEGROUP,OXG-SYO-QAS-VM
OXG-QAS-SUS-01,09620e63-7b16-4eea-91f6-f652a66d6986,OXG-VMS-QAS-REOURCEGROUP,OXG-AGN-QAS-VM01
OXG-QAS-SUS-01,09620e63-7b16-4eea-91f6-f652a66d6986,OXG-VMS-QAS-REOURCEGROUP,OXG-AGN-QAS-VM02
OXG-QAS-SUS-01,09620e63-7b16-4eea-91f6-f652a66d6986,OXG-VMS-QAS-REOURCEGROUP,OXG-AGN-QAS-VM03
OXG-QAS-SUS-01,09620e63-7b16-4eea-91f6-f652a66d6986,OXG-VMS-QAS-REOURCEGROUP,OXG-AGN-QAS-VM04
OXG-PRD-SUS-01,9a46dfea-03bc-4489-b7ac-3806b3a9b09f,OXG-AUT-PRD-RESOURCEGROUP,OXG-AUT-PRD-VM
OXG-PRD-SUS-01,9a46dfea-03bc-4489-b7ac-3806b3a9b09f,OXG-CGF-PRD-RESOURCEGROUP,OXG-CGF-PRD-VM
OXG-PRD-SUS-01,9a46dfea-03bc-4489-b7ac-3806b3a9b09f,OXG-FVT-PRD-RESOURCEGROUP,SGM-FVT-AGN-PRD-ScaleSet01_1777656c
OXG-PRD-SUS-01,9a46dfea-03bc-4489-b7ac-3806b3a9b09f,OXG-FVT-PRD-RESOURCEGROUP,SGM-FVT-AGN-PRD-ScaleSet01_53ab7e7c
OXG-PRD-SUS-01,9a46dfea-03bc-4489-b7ac-3806b3a9b09f,OXG-FVT-PRD-RESOURCEGROUP,SGM-FVT-AGN-PRD-ScaleSet02_65fb00ca
OXG-PRD-SUS-01,9a46dfea-03bc-4489-b7ac-3806b3a9b09f,OXG-FVT-PRD-RESOURCEGROUP,SGM-FVT-AGN-PRD-ScaleSet02_d82127b1
OXG-PRD-SUS-01,9a46dfea-03bc-4489-b7ac-3806b3a9b09f,OXG-FVT-PRD-RESOURCEGROUP,SGM-FVT-AGN-PRD-ScaleSet03_825f2cb5
OXG-PRD-SUS-01,9a46dfea-03bc-4489-b7ac-3806b3a9b09f,OXG-IES-PRD-RESOURCEGROUP,OXG-IES-PRD-VM
OXG-PRD-SUS-01,9a46dfea-03bc-4489-b7ac-3806b3a9b09f,OXG-SOE-PRD-RESOURCEGROUP,OXG-SOE-PRD-VM
OXG-PRD-SUS-01,9a46dfea-03bc-4489-b7ac-3806b3a9b09f,OXG-TLD-PRD-RESOURCEGROUP,OXG-TRB-PRD-INT-VM
OXG-PRD-SUS-01,9a46dfea-03bc-4489-b7ac-3806b3a9b09f,OXG-TRB-PRD-AGN-RESOURCEGROUP,OXG-TBR-PRD-SDP-VM
OXG-PRD-SUS-01,9a46dfea-03bc-4489-b7ac-3806b3a9b09f,OXG-TRB-PRD-AGN-RESOURCEGROUP,OXG-TRB-PRD-AGN-VM01
OXG-PRD-SUS-01,9a46dfea-03bc-4489-b7ac-3806b3a9b09f,OXG-TRB-PRD-AGN-RESOURCEGROUP,OXG-TRB-PRD-AGN-VM02
OXG-PRD-SUS-01,9a46dfea-03bc-4489-b7ac-3806b3a9b09f,OXG-TRB-PRD-AGN-RESOURCEGROUP,OXG-TRB-PRD-AGN-VM03
OXG-PRD-SUS-01,9a46dfea-03bc-4489-b7ac-3806b3a9b09f,OXG-TRB-PRD-AGN-RESOURCEGROUP,OXG-TRB-PRD-AGN-VM04
OXG-PRD-SUS-01,9a46dfea-03bc-4489-b7ac-3806b3a9b09f,OXG-TRB-PRD-AGN-RESOURCEGROUP,OXG-TRB-PRD-AGN-VM05
OXG-PRD-SUS-01,9a46dfea-03bc-4489-b7ac-3806b3a9b09f,OXG-TRB-PRD-AGN-RESOURCEGROUP,OXG-TRB-PRD-AGN-VM06
OXG-PRD-SUS-01,9a46dfea-03bc-4489-b7ac-3806b3a9b09f,SGM-OPM-SPK-PRD-RESOURCEGROUP,oxgfbdsp02
OXG-PRD-SUS-01,9a46dfea-03bc-4489-b7ac-3806b3a9b09f,SGM-OPM-SPK-PRD-RESOURCEGROUP,vmcon02
OXG-PRD-SUS-01,9a46dfea-03bc-4489-b7ac-3806b3a9b09f,OXG-AGN-PRD-RESOURCEGROUP,OXGAGNPRDVM
OXG-PRD-SUS-01,9a46dfea-03bc-4489-b7ac-3806b3a9b09f,OXG-AKS-PRD-RESOURCEGROUP,OXGAGNAKSPRDVM
OXG-PRD-SUS-01,9a46dfea-03bc-4489-b7ac-3806b3a9b09f,OXG-AKS-PRD-RESOURCEGROUP,OXGAKSPRDVM
OXG-PRD-SUS-01,9a46dfea-03bc-4489-b7ac-3806b3a9b09f,OXG-AKS-PRD-RESOURCEGROUP,OXGDBCAKSPRDVM
OXG-PRD-SUS-01,9a46dfea-03bc-4489-b7ac-3806b3a9b09f,OXG-ALO-PRD-RESOURCEGROUP,OXGALOPRDVM
OXG-PRD-SUS-01,9a46dfea-03bc-4489-b7ac-3806b3a9b09f,OXG-BOM-PRD-RESOURCEGROUP,OXG-BOM-PRD-VM
OXG-PRD-SUS-01,9a46dfea-03bc-4489-b7ac-3806b3a9b09f,OXG-CHM-PRD-RG,OXGCHMPRDVM
OXG-PRD-SUS-01,9a46dfea-03bc-4489-b7ac-3806b3a9b09f,OXG-CMX-PRD-RESOURCEGROUP,OXG-CMX-PRD-VM1
OXG-PRD-SUS-01,9a46dfea-03bc-4489-b7ac-3806b3a9b09f,OXG-CYA-PRD-RESOURCEGROUP,OXG-CYA-PRD-VM1
OXG-PRD-SUS-01,9a46dfea-03bc-4489-b7ac-3806b3a9b09f,OXG-CYA-PRD-RESOURCEGROUP,OXG-CYA-PRD-VM2
OXG-PRD-SUS-01,9a46dfea-03bc-4489-b7ac-3806b3a9b09f,OXG-CYA-PRD-RESOURCEGROUP,OXG-CYA-PRD-VM3
OXG-PRD-SUS-01,9a46dfea-03bc-4489-b7ac-3806b3a9b09f,OXG-DET-PRD-REOURCEGROUP,OXG-SER-PRD-VM01
OXG-PRD-SUS-01,9a46dfea-03bc-4489-b7ac-3806b3a9b09f,OXG-DET-PRD-REOURCEGROUP,OXG-SER-PRD-VM02
OXG-PRD-SUS-01,9a46dfea-03bc-4489-b7ac-3806b3a9b09f,OXG-DET-PRD-REOURCEGROUP,OXGRBTPRDVM
OXG-PRD-SUS-01,9a46dfea-03bc-4489-b7ac-3806b3a9b09f,OXG-DRP-PRD-RESOURCEGROUP,OXGDRPBKPPRDVM
OXG-PRD-SUS-01,9a46dfea-03bc-4489-b7ac-3806b3a9b09f,OXG-DTA-DBK-PRD-RESOURCEGROUP,29de6eb4986d482fa670a611acabe369
OXG-PRD-SUS-01,9a46dfea-03bc-4489-b7ac-3806b3a9b09f,OXG-DTA-DBK-PRD-RESOURCEGROUP,b530608f2554409e83a9038c4d5c11e7
OXG-PRD-SUS-01,9a46dfea-03bc-4489-b7ac-3806b3a9b09f,OXG-DTA-DBK-PRD-RESOURCEGROUP,ecccbf44bc5b4bddb7cb5e68bbc8b2d2
OXG-PRD-SUS-01,9a46dfea-03bc-4489-b7ac-3806b3a9b09f,OXG-DTA-DBK-PRD-RESOURCEGROUP,f651152fc9544a499ac8c443b74af60a
OXG-PRD-SUS-01,9a46dfea-03bc-4489-b7ac-3806b3a9b09f,OXG-ESS-PRD-RESOURCEGROUP,OXGBKPPRDVM01
OXG-PRD-SUS-01,9a46dfea-03bc-4489-b7ac-3806b3a9b09f,OXG-ESS-PRD-RESOURCEGROUP,OXGBKPPRDVM02
OXG-PRD-SUS-01,9a46dfea-03bc-4489-b7ac-3806b3a9b09f,OXG-ESS-PRD-RESOURCEGROUP,OXGBKPPRDVM04
OXG-PRD-SUS-01,9a46dfea-03bc-4489-b7ac-3806b3a9b09f,OXG-ESS-PRD-RESOURCEGROUP,OXGBKPPRDVM06
OXG-PRD-SUS-01,9a46dfea-03bc-4489-b7ac-3806b3a9b09f,OXG-FTT-PRD-RESOURCEGROUP,OXG-FTT-API-PRD-VM05
OXG-PRD-SUS-01,9a46dfea-03bc-4489-b7ac-3806b3a9b09f,OXG-FTT-PRD-RESOURCEGROUP,OXG-FTT-PRD-VM09
OXG-PRD-SUS-01,9a46dfea-03bc-4489-b7ac-3806b3a9b09f,OXG-GTK-PRD-RESOURCEGROUP,OXG-GTK-PRD-VM2
OXG-PRD-SUS-01,9a46dfea-03bc-4489-b7ac-3806b3a9b09f,OXG-GTK-PRD-RG,OXG-GTK-PRD-VM1
OXG-PRD-SUS-01,9a46dfea-03bc-4489-b7ac-3806b3a9b09f,OXG-HDA-PRD-VM_GROUP,OXG-HDA-PRD-VM
OXG-PRD-SUS-01,9a46dfea-03bc-4489-b7ac-3806b3a9b09f,OXG-ITO-PRD-REOURCEGROUP,OXG-ITO-PRD-VM
OXG-PRD-SUS-01,9a46dfea-03bc-4489-b7ac-3806b3a9b09f,OXG-IVO-PRD-RESOURCEGROUP,OXGIVOPRDVM
OXG-PRD-SUS-01,9a46dfea-03bc-4489-b7ac-3806b3a9b09f,OXG-MID-PRD-RESOURCEGROUP,OXG-MID-PRD-VM
OXG-PRD-SUS-01,9a46dfea-03bc-4489-b7ac-3806b3a9b09f,OXG-PBI-PRD-RESOURCEGROUP,OXGPBIPRDVM
OXG-PRD-SUS-01,9a46dfea-03bc-4489-b7ac-3806b3a9b09f,OXG-PKI-PRD-CA-RG,OXG-PKI-PRD-CA
OXG-PRD-SUS-01,9a46dfea-03bc-4489-b7ac-3806b3a9b09f,OXG-PSR-PRD-RESOURCEGROUP,OXG-PSR-PRD-VM
OXG-PRD-SUS-01,9a46dfea-03bc-4489-b7ac-3806b3a9b09f,OXG-QRD-PRD-RESOURCEGROUP,OXG-QRD-PRD-VM
OXG-PRD-SUS-01,9a46dfea-03bc-4489-b7ac-3806b3a9b09f,OXG-REP-PRD-RESOURCEGROUP,OXG-REP-PRD-VM
OXG-PRD-SUS-01,9a46dfea-03bc-4489-b7ac-3806b3a9b09f,OXG-SEC-PRD-RESOURCEGROUP,OXG-SEC-PRD-VM
OXG-PRD-SUS-01,9a46dfea-03bc-4489-b7ac-3806b3a9b09f,OXG-SEC-PRD-RESOURCEGROUP,OXG-SEC-PRD-VM2
OXG-PRD-SUS-01,9a46dfea-03bc-4489-b7ac-3806b3a9b09f,OXG-SYO-PRD-RESOURCEGROUP,OXG-SYO-PRD-VM
OXG-PRD-SUS-01,9a46dfea-03bc-4489-b7ac-3806b3a9b09f,OXG-TEN-PRD-RESOURCEGROUP,OXGTENPRDVM
OXG-PRD-SUS-01,9a46dfea-03bc-4489-b7ac-3806b3a9b09f,OXG-WALL-PRD-RESOURCEGROUP,OXG-WALL-PRD-VM01
OXG-PRD-SUS-01,9a46dfea-03bc-4489-b7ac-3806b3a9b09f,SGM-DYN-PRD-RESOURCEGROUP,OXG-DYN-PRD-VM01
OXG-PRD-SUS-01,9a46dfea-03bc-4489-b7ac-3806b3a9b09f,SGM-DYN-PRD-RESOURCEGROUP,OXG-DYN-PRD-VM02
OXG-PRD-SUS-01,9a46dfea-03bc-4489-b7ac-3806b3a9b09f,SGM-DYN-PRD-RESOURCEGROUP,OXG-DYN-PRD-VM03
OXG-PRD-SUS-01,9a46dfea-03bc-4489-b7ac-3806b3a9b09f,SGM-ISE-PRD-RESOURCEGROUP,OXGISEPRDVM
OXG-PRD-SUS-01,9a46dfea-03bc-4489-b7ac-3806b3a9b09f,SGM-ISE-PRD-RESOURCEGROUP,OXGISEPRDVM03
OXG-PRD-SUS-01,9a46dfea-03bc-4489-b7ac-3806b3a9b09f,SGM-MRK-VMX-PRD-RESOURCEGROUP,OXG-MRK-PRD-VM01
OXG-PRD-SUS-01,9a46dfea-03bc-4489-b7ac-3806b3a9b09f,SGM-MRK-VMX-PRD-RESOURCEGROUP02,OXG-MRK-PRD-VM02
OXZSUB-FINANZAS-NPRD,d722abd4-2140-417b-a352-b6c59de4a4c8,OXZRGACFID01,OXZVMMIDDWAP01
OXZSUB-FINANZAS-NPRD,d722abd4-2140-417b-a352-b6c59de4a4c8,OXZRGEBSCUTQ01,oxfapfincu1
OXZSUB-FINANZAS-NPRD,d722abd4-2140-417b-a352-b6c59de4a4c8,OXZRGEBSNPRD01,oxfapfincu1
OXZSUB-FINANZAS-NPRD,d722abd4-2140-417b-a352-b6c59de4a4c8,OXZRGIMMEXD01,OXZVMIMMEXDAP01
OXZSUB-FINANZAS-NPRD,d722abd4-2140-417b-a352-b6c59de4a4c8,OXZRGIMMEXD01,OXZVMIMMEXDDB01
OXZSUB-FINANZAS-NPRD,d722abd4-2140-417b-a352-b6c59de4a4c8,OXZRGIMMEXNPRDW01,OXZVMIMEXNPRD01
OXZSUB-FINANZAS-NPRD,d722abd4-2140-417b-a352-b6c59de4a4c8,OXZRGIMMEXQ01,OXZVMIMMEXQAP01
OXZSUB-FINANZAS-NPRD,d722abd4-2140-417b-a352-b6c59de4a4c8,OXZRGIMMEXQ01,OXZVMIMMEXQDB01
OXZSUB-FINANZAS-NPRD,d722abd4-2140-417b-a352-b6c59de4a4c8,OXZRGNASQ01,OXVNASADBQ1
OXZSUB-FINANZAS-NPRD,d722abd4-2140-417b-a352-b6c59de4a4c8,OXZRGNASQ01,OXVNASAQ1
OXZSUB-COMMON_SERVICES-PRD,f1dbe4af-cf8d-49ca-9f6e-cb5a65b8950f,OXZRCTMP01,OXZVMCTMAPPP01
OXZSUB-COMMON_SERVICES-PRD,f1dbe4af-cf8d-49ca-9f6e-cb5a65b8950f,OXZRGAPPDYP01,oxvappddba2
OXZSUB-COMMON_SERVICES-PRD,f1dbe4af-cf8d-49ca-9f6e-cb5a65b8950f,OXZRGAPPDYP01,OXZVMADMONPWAP01
OXZSUB-COMMON_SERVICES-PRD,f1dbe4af-cf8d-49ca-9f6e-cb5a65b8950f,OXZRGASISNEGP01,fcmon01
OXZSUB-COMMON_SERVICES-PRD,f1dbe4af-cf8d-49ca-9f6e-cb5a65b8950f,OXZRGASISNEGP01,fcsopinte01
OXZSUB-COMMON_SERVICES-PRD,f1dbe4af-cf8d-49ca-9f6e-cb5a65b8950f,OXZRGASISNEGP01,fcsopinte01-c
OXZSUB-COMMON_SERVICES-PRD,f1dbe4af-cf8d-49ca-9f6e-cb5a65b8950f,OXZRGASISNEGP01,fcsopinte01-z2
OXZSUB-COMMON_SERVICES-PRD,f1dbe4af-cf8d-49ca-9f6e-cb5a65b8950f,OXZRGASISNEGP01,fcsopinte01v2
OXZSUB-COMMON_SERVICES-PRD,f1dbe4af-cf8d-49ca-9f6e-cb5a65b8950f,OXZRGCOMSRVP01,FCOALM01
OXZSUB-COMMON_SERVICES-PRD,f1dbe4af-cf8d-49ca-9f6e-cb5a65b8950f,OXZRGCOMSRVP01,OXVCAVAPP1
OXZSUB-COMMON_SERVICES-PRD,f1dbe4af-cf8d-49ca-9f6e-cb5a65b8950f,OXZRGCOMSRVP01,OXVOCTP01
OXZSUB-COMMON_SERVICES-PRD,f1dbe4af-cf8d-49ca-9f6e-cb5a65b8950f,OXZRGCOMSRVP01,OXVOCTP02
OXZSUB-COMMON_SERVICES-PRD,f1dbe4af-cf8d-49ca-9f6e-cb5a65b8950f,OXZRGCOMSRVP01,OXVOCTP03
OXZSUB-COMMON_SERVICES-PRD,f1dbe4af-cf8d-49ca-9f6e-cb5a65b8950f,OXZRGCTXCP01,OXVMZCTXCAPPS04
OXZSUB-COMMON_SERVICES-PRD,f1dbe4af-cf8d-49ca-9f6e-cb5a65b8950f,OXZRGCTXCP01,OXVMZCTXCAPPS05
OXZSUB-COMMON_SERVICES-PRD,f1dbe4af-cf8d-49ca-9f6e-cb5a65b8950f,OXZRGCTXCP01,OXZVMCTXATI
OXZSUB-COMMON_SERVICES-PRD,f1dbe4af-cf8d-49ca-9f6e-cb5a65b8950f,OXZRGCTXCP01,OXZVMCTXATI01
OXZSUB-COMMON_SERVICES-PRD,f1dbe4af-cf8d-49ca-9f6e-cb5a65b8950f,OXZRGCTXCP01,OXZVMCTXCAPPEA1
OXZSUB-COMMON_SERVICES-PRD,f1dbe4af-cf8d-49ca-9f6e-cb5a65b8950f,OXZRGCTXCP01,OXZVMCTXCAPPEA2
OXZSUB-COMMON_SERVICES-PRD,f1dbe4af-cf8d-49ca-9f6e-cb5a65b8950f,OXZRGCTXCP01,OXZVMCTXCAPPS01
OXZSUB-COMMON_SERVICES-PRD,f1dbe4af-cf8d-49ca-9f6e-cb5a65b8950f,OXZRGCTXCP01,OXZVMCTXCAPPS02
OXZSUB-COMMON_SERVICES-PRD,f1dbe4af-cf8d-49ca-9f6e-cb5a65b8950f,OXZRGCTXCP01,OXZVMCTXCAPPS03
OXZSUB-COMMON_SERVICES-PRD,f1dbe4af-cf8d-49ca-9f6e-cb5a65b8950f,OXZRGCTXCP01,OXZVMCTXCAPPS04
OXZSUB-COMMON_SERVICES-PRD,f1dbe4af-cf8d-49ca-9f6e-cb5a65b8950f,OXZRGCTXCP01,OXZVMCTXCAPPS06
OXZSUB-COMMON_SERVICES-PRD,f1dbe4af-cf8d-49ca-9f6e-cb5a65b8950f,OXZRGCTXCP01,OXZVMCTXCPAPPS02
OXZSUB-COMMON_SERVICES-PRD,f1dbe4af-cf8d-49ca-9f6e-cb5a65b8950f,OXZRGCTXCP01,OXZVMCTXCPAPPS03
OXZSUB-COMMON_SERVICES-PRD,f1dbe4af-cf8d-49ca-9f6e-cb5a65b8950f,OXZRGCTXCP01,OXZVMCTXCPAPS01
OXZSUB-COMMON_SERVICES-PRD,f1dbe4af-cf8d-49ca-9f6e-cb5a65b8950f,OXZRGCTXCP01,OXZVMCTXCPCNTR01
OXZSUB-COMMON_SERVICES-PRD,f1dbe4af-cf8d-49ca-9f6e-cb5a65b8950f,OXZRGCTXCP01,OXZVMCTXCPCNTR02
OXZSUB-COMMON_SERVICES-PRD,f1dbe4af-cf8d-49ca-9f6e-cb5a65b8950f,OXZRGCTXCP01,OXZVMCTXCPFS01
OXZSUB-COMMON_SERVICES-PRD,f1dbe4af-cf8d-49ca-9f6e-cb5a65b8950f,OXZRGCTXCP01,OXZVMCTXCPUPM01
OXZSUB-COMMON_SERVICES-PRD,f1dbe4af-cf8d-49ca-9f6e-cb5a65b8950f,OXZRGCTXCP01,OXZVMCTXCVDI01
OXZSUB-COMMON_SERVICES-PRD,f1dbe4af-cf8d-49ca-9f6e-cb5a65b8950f,OXZRGCTXCP01,OXZVMCTXCVDI02
OXZSUB-COMMON_SERVICES-PRD,f1dbe4af-cf8d-49ca-9f6e-cb5a65b8950f,OXZRGCTXCP01,OXZVMCTXDBI
OXZSUB-COMMON_SERVICES-PRD,f1dbe4af-cf8d-49ca-9f6e-cb5a65b8950f,OXZRGCTXCP01,OXZVMCTXDBI14
OXZSUB-COMMON_SERVICES-PRD,f1dbe4af-cf8d-49ca-9f6e-cb5a65b8950f,OXZRGCTXCP01,OXZVMCTXDEBS
OXZSUB-COMMON_SERVICES-PRD,f1dbe4af-cf8d-49ca-9f6e-cb5a65b8950f,OXZRGCTXCP01,OXZVMCTXDFT
OXZSUB-COMMON_SERVICES-PRD,f1dbe4af-cf8d-49ca-9f6e-cb5a65b8950f,OXZRGCTXCP01,OXZVMCTXDFT01
OXZSUB-COMMON_SERVICES-PRD,f1dbe4af-cf8d-49ca-9f6e-cb5a65b8950f,OXZRGCTXCP01,OXZVMCTXDNUC
OXZSUB-COMMON_SERVICES-PRD,f1dbe4af-cf8d-49ca-9f6e-cb5a65b8950f,OXZRGCTXCP01,OXZVMCTXDWEB
OXZSUB-COMMON_SERVICES-PRD,f1dbe4af-cf8d-49ca-9f6e-cb5a65b8950f,OXZRGCTXCP01,OXZVMCTXDWEB01
OXZSUB-COMMON_SERVICES-PRD,f1dbe4af-cf8d-49ca-9f6e-cb5a65b8950f,OXZRGCTXCP01,OXZVMCTXDWEB02
OXZSUB-COMMON_SERVICES-PRD,f1dbe4af-cf8d-49ca-9f6e-cb5a65b8950f,OXZRGCTXCP01,OXZVMCTXDWM
OXZSUB-COMMON_SERVICES-PRD,f1dbe4af-cf8d-49ca-9f6e-cb5a65b8950f,OXZRGCTXCP01,OXZVMCTXDWM01
OXZSUB-COMMON_SERVICES-PRD,f1dbe4af-cf8d-49ca-9f6e-cb5a65b8950f,OXZRGCTXCP01,OXZVMCTXDWM02
OXZSUB-COMMON_SERVICES-PRD,f1dbe4af-cf8d-49ca-9f6e-cb5a65b8950f,OXZRGCTXCP01,OXZVMCTXDWM34
OXZSUB-COMMON_SERVICES-PRD,f1dbe4af-cf8d-49ca-9f6e-cb5a65b8950f,OXZRGEAP01,FCEAPRD
OXZSUB-COMMON_SERVICES-PRD,f1dbe4af-cf8d-49ca-9f6e-cb5a65b8950f,OXZRGEAP01,Orcl-Graph
OXZSUB-COMMON_SERVICES-PRD,f1dbe4af-cf8d-49ca-9f6e-cb5a65b8950f,OXZRGEAP01,RHEL7-ora11g-new
OXZSUB-COMMON_SERVICES-PRD,f1dbe4af-cf8d-49ca-9f6e-cb5a65b8950f,OXZRGEAP01,rhel7.9-ora12c-image
OXZSUB-COMMON_SERVICES-PRD,f1dbe4af-cf8d-49ca-9f6e-cb5a65b8950f,OXZRGEAP01,RHEL7OXVMi
OXZSUB-COMMON_SERVICES-PRD,f1dbe4af-cf8d-49ca-9f6e-cb5a65b8950f,OXZRGL3SQLQ01,FCOQAVOZ01
OXZSUB-COMMON_SERVICES-PRD,f1dbe4af-cf8d-49ca-9f6e-cb5a65b8950f,OXZRGQCPP01,OXVQCPRD1
OxxoDEVQA,1cbf5d55-a8fa-40a0-bb9e-92ceb6902209,ARO-INFRA-LS0SAF1P-OXZAROMDPD01,oxzaromdpd01-ktwxl-infra-southcentralus1-j4vts
OxxoDEVQA,1cbf5d55-a8fa-40a0-bb9e-92ceb6902209,ARO-INFRA-LS0SAF1P-OXZAROMDPD01,oxzaromdpd01-ktwxl-infra-southcentralus2-99vms
OxxoDEVQA,1cbf5d55-a8fa-40a0-bb9e-92ceb6902209,ARO-INFRA-LS0SAF1P-OXZAROMDPD01,oxzaromdpd01-ktwxl-infra-southcentralus3-fvxbj
OxxoDEVQA,1cbf5d55-a8fa-40a0-bb9e-92ceb6902209,ARO-INFRA-LS0SAF1P-OXZAROMDPD01,oxzaromdpd01-ktwxl-master-0
OxxoDEVQA,1cbf5d55-a8fa-40a0-bb9e-92ceb6902209,ARO-INFRA-LS0SAF1P-OXZAROMDPD01,oxzaromdpd01-ktwxl-master-1
OxxoDEVQA,1cbf5d55-a8fa-40a0-bb9e-92ceb6902209,ARO-INFRA-LS0SAF1P-OXZAROMDPD01,oxzaromdpd01-ktwxl-master-2
OxxoDEVQA,1cbf5d55-a8fa-40a0-bb9e-92ceb6902209,ARO-INFRA-LS0SAF1P-OXZAROMDPD01,oxzaromdpd01-ktwxl-worker-southcentralus1-fmznl
OxxoDEVQA,1cbf5d55-a8fa-40a0-bb9e-92ceb6902209,ARO-INFRA-LS0SAF1P-OXZAROMDPD01,oxzaromdpd01-ktwxl-worker-southcentralus1-fvt77
OxxoDEVQA,1cbf5d55-a8fa-40a0-bb9e-92ceb6902209,ARO-INFRA-LS0SAF1P-OXZAROMDPD01,oxzaromdpd01-ktwxl-worker-southcentralus1-zp54g
OxxoDEVQA,1cbf5d55-a8fa-40a0-bb9e-92ceb6902209,ARO-INFRA-LS0SAF1P-OXZAROMDPD01,oxzaromdpd01-ktwxl-worker-southcentralus2-fv2lt
OxxoDEVQA,1cbf5d55-a8fa-40a0-bb9e-92ceb6902209,ARO-INFRA-LS0SAF1P-OXZAROMDPD01,oxzaromdpd01-ktwxl-worker-southcentralus2-t5jnn
OxxoDEVQA,1cbf5d55-a8fa-40a0-bb9e-92ceb6902209,ARO-INFRA-LS0SAF1P-OXZAROMDPD01,oxzaromdpd01-ktwxl-worker-southcentralus3-dmd2s
OxxoDEVQA,1cbf5d55-a8fa-40a0-bb9e-92ceb6902209,ARO-INFRA-LS0SAF1P-OXZAROMDPD01,oxzaromdpd01-ktwxl-worker-southcentralus3-ghc87
OxxoDEVQA,1cbf5d55-a8fa-40a0-bb9e-92ceb6902209,ARO-INFRA-LS0SAF1P-OXZAROMDPD01,oxzaromdpd01-ktwxl-worker-southcentralus3-p5pkr
OxxoDEVQA,1cbf5d55-a8fa-40a0-bb9e-92ceb6902209,ARO-OXZAROOADADQ01,oxzarooadadq01-lgwj4-master-0
OxxoDEVQA,1cbf5d55-a8fa-40a0-bb9e-92ceb6902209,ARO-OXZAROOADADQ01,oxzarooadadq01-lgwj4-master-1
OxxoDEVQA,1cbf5d55-a8fa-40a0-bb9e-92ceb6902209,ARO-OXZAROOADADQ01,oxzarooadadq01-lgwj4-master-2
OxxoDEVQA,1cbf5d55-a8fa-40a0-bb9e-92ceb6902209,ARO-OXZAROOADADQ01,oxzarooadadq01-lgwj4-worker-southcentralus1-2pw5w
OxxoDEVQA,1cbf5d55-a8fa-40a0-bb9e-92ceb6902209,ARO-OXZAROOADADQ01,oxzarooadadq01-lgwj4-worker-southcentralus1-5b75w
OxxoDEVQA,1cbf5d55-a8fa-40a0-bb9e-92ceb6902209,ARO-OXZAROOADADQ01,oxzarooadadq01-lgwj4-worker-southcentralus2-2qqfd
OxxoDEVQA,1cbf5d55-a8fa-40a0-bb9e-92ceb6902209,ARO-OXZAROOADADQ01,oxzarooadadq01-lgwj4-worker-southcentralus2-4gcxp
OxxoDEVQA,1cbf5d55-a8fa-40a0-bb9e-92ceb6902209,ARO-OXZAROOADADQ01,oxzarooadadq01-lgwj4-worker-southcentralus2-6whzn
OxxoDEVQA,1cbf5d55-a8fa-40a0-bb9e-92ceb6902209,ARO-OXZAROOADADQ01,oxzarooadadq01-lgwj4-worker-southcentralus2-fkdzn
OxxoDEVQA,1cbf5d55-a8fa-40a0-bb9e-92ceb6902209,ARO-OXZAROOADADQ01,oxzarooadadq01-lgwj4-worker-southcentralus2-mxbcz
OxxoDEVQA,1cbf5d55-a8fa-40a0-bb9e-92ceb6902209,ARO-OXZAROOADADQ01,oxzarooadadq01-lgwj4-worker-southcentralus3-7mrkc
OxxoDEVQA,1cbf5d55-a8fa-40a0-bb9e-92ceb6902209,ARO-OXZAROOADADQ01,oxzarooadadq01-lgwj4-worker-southcentralus3-cf2nb
OxxoDEVQA,1cbf5d55-a8fa-40a0-bb9e-92ceb6902209,ARO-OXZAROOADADQ01,oxzarooadadq01-lgwj4-worker-southcentralus3-gmmq9
OxxoDEVQA,1cbf5d55-a8fa-40a0-bb9e-92ceb6902209,OXZRGAMCONNP01,CONMIGDEV06
OxxoDEVQA,1cbf5d55-a8fa-40a0-bb9e-92ceb6902209,OXZRGAMCONNP01,CONMIGDEV1
OxxoDEVQA,1cbf5d55-a8fa-40a0-bb9e-92ceb6902209,OXZRGAMCONNP01,CONMIGDEV2
OxxoDEVQA,1cbf5d55-a8fa-40a0-bb9e-92ceb6902209,OXZRGAMCONNP01,CONMIGRWARE2
OxxoDEVQA,1cbf5d55-a8fa-40a0-bb9e-92ceb6902209,OXZRGAMCONNP01,ConnectuaMigrateCollector
OxxoDEVQA,1cbf5d55-a8fa-40a0-bb9e-92ceb6902209,OXZRGAMMPTESTMIGRATIONDEVQA,OXZVMJUMPAMDEVQAWAP01
OxxoDEVQA,1cbf5d55-a8fa-40a0-bb9e-92ceb6902209,OXZRGAMPNETWORKINGQA,OXZVMJUMPAMQAWAP01
OxxoDEVQA,1cbf5d55-a8fa-40a0-bb9e-92ceb6902209,OXZRGAPMQ01,OXZVMAPMQWAP01
OxxoDEVQA,1cbf5d55-a8fa-40a0-bb9e-92ceb6902209,OXZRGAPPBIQA,FCOBIWTR1
OxxoDEVQA,1cbf5d55-a8fa-40a0-bb9e-92ceb6902209,OXZRGAPPPTLDEV,OXZVMMOFD01
OxxoDEVQA,1cbf5d55-a8fa-40a0-bb9e-92ceb6902209,OXZRGAPPPTLQA,OXZVMAPPPTLQALWS01
OxxoDEVQA,1cbf5d55-a8fa-40a0-bb9e-92ceb6902209,OXZRGAPPPTLQA,OXZVMMOFQ01
OxxoDEVQA,1cbf5d55-a8fa-40a0-bb9e-92ceb6902209,OXZRGAPPPTLQA,OXZVMMOFQ02
OxxoDEVQA,1cbf5d55-a8fa-40a0-bb9e-92ceb6902209,OXZRGAPPPTLQA,OXZVMMOFQ03
OxxoDEVQA,1cbf5d55-a8fa-40a0-bb9e-92ceb6902209,OXZRGATTDEVQA,FCOATTDES
OxxoDEVQA,1cbf5d55-a8fa-40a0-bb9e-92ceb6902209,OXZRGATTDEVQA,FCOATTQA
OxxoDEVQA,1cbf5d55-a8fa-40a0-bb9e-92ceb6902209,OXZRGCICDQA,OXZVMCICDQAWAP01
OxxoDEVQA,1cbf5d55-a8fa-40a0-bb9e-92ceb6902209,OXZRGCICDQA,OXZVMCICDQAWAP02
OxxoDEVQA,1cbf5d55-a8fa-40a0-bb9e-92ceb6902209,OXZRGCICDQA,OXZVMCICDQAWAP03
OxxoDEVQA,1cbf5d55-a8fa-40a0-bb9e-92ceb6902209,OXZRGCICDQA,OXZVMCICDQAWAP04
OxxoDEVQA,1cbf5d55-a8fa-40a0-bb9e-92ceb6902209,OXZRGCICDQA,OXZVMCICDQAWAP05
OxxoDEVQA,1cbf5d55-a8fa-40a0-bb9e-92ceb6902209,OXZRGCICDQA,OXZVMCICDQAWAP06
OxxoDEVQA,1cbf5d55-a8fa-40a0-bb9e-92ceb6902209,OXZRGDBZDEVQA,OXZVMSHIRPWAP01
OxxoDEVQA,1cbf5d55-a8fa-40a0-bb9e-92ceb6902209,OXZRGDMDQ01,OXZVMDMDLWS01
OxxoDEVQA,1cbf5d55-a8fa-40a0-bb9e-92ceb6902209,OXZRGDMDQ01,OXZVMDMQLWS01
OxxoDEVQA,1cbf5d55-a8fa-40a0-bb9e-92ceb6902209,OXZRGEADQA,OXZVMEADQA01
OxxoDEVQA,1cbf5d55-a8fa-40a0-bb9e-92ceb6902209,OXZRGEBSQ01,FCEBSAPPPOC
OxxoDEVQA,1cbf5d55-a8fa-40a0-bb9e-92ceb6902209,OXZRGEBSQ01,FCEBSDBPOC
OxxoDEVQA,1cbf5d55-a8fa-40a0-bb9e-92ceb6902209,OXZRGGISQA,OXVGISDBQ01
OxxoDEVQA,1cbf5d55-a8fa-40a0-bb9e-92ceb6902209,OXZRGGISQA,OXVGISDBQ01-cloud
OxxoDEVQA,1cbf5d55-a8fa-40a0-bb9e-92ceb6902209,OXZRGGISQA,OXVGISQA01-BST-oracle
OxxoDEVQA,1cbf5d55-a8fa-40a0-bb9e-92ceb6902209,OXZRGGISQA,OXZVMGISAPPQ01
OxxoDEVQA,1cbf5d55-a8fa-40a0-bb9e-92ceb6902209,OXZRGGISQA,OXZVMGISAPPQ02
OxxoDEVQA,1cbf5d55-a8fa-40a0-bb9e-92ceb6902209,OXZRGGISQA,OXZVMGISAPPQ03
OxxoDEVQA,1cbf5d55-a8fa-40a0-bb9e-92ceb6902209,OXZRGGISQA,OXZVMGISAPPQ04
OxxoDEVQA,1cbf5d55-a8fa-40a0-bb9e-92ceb6902209,OXZRGGISQA,OXZVMGISQLDB01
OxxoDEVQA,1cbf5d55-a8fa-40a0-bb9e-92ceb6902209,OXZRGGISQA,OXZVMGISQLDB02
OxxoDEVQA,1cbf5d55-a8fa-40a0-bb9e-92ceb6902209,OXZRGGRCD01,OXZVMAZMDEV01
OxxoDEVQA,1cbf5d55-a8fa-40a0-bb9e-92ceb6902209,OXZRGITMQ01,OXZVMITMWQ01
OxxoDEVQA,1cbf5d55-a8fa-40a0-bb9e-92ceb6902209,OXZRGLEND01,FCOVGLEEN01
OxxoDEVQA,1cbf5d55-a8fa-40a0-bb9e-92ceb6902209,OXZRGLITIGIOQA,JumperLitigio
OxxoDEVQA,1cbf5d55-a8fa-40a0-bb9e-92ceb6902209,OXZRGLITIGIOQA,OXZVMLITIGIOQALDB01
OxxoDEVQA,1cbf5d55-a8fa-40a0-bb9e-92ceb6902209,OXZRGLITIGIOQA,OXZVMLITIGIOQAWAP01
OxxoDEVQA,1cbf5d55-a8fa-40a0-bb9e-92ceb6902209,OXZRGLLOQ01,FCOVSELLON01
OxxoDEVQA,1cbf5d55-a8fa-40a0-bb9e-92ceb6902209,OXZRGLLOQ01,FCOWFU04V
OxxoDEVQA,1cbf5d55-a8fa-40a0-bb9e-92ceb6902209,OXZRGMAPQ01,FCIMAPQA
OxxoDEVQA,1cbf5d55-a8fa-40a0-bb9e-92ceb6902209,OXZRGMDPDEV01,OXZVMMDPD01
OxxoDEVQA,1cbf5d55-a8fa-40a0-bb9e-92ceb6902209,OXZRGNUCLEODEVQA,OXVWFNUC01
OxxoDEVQA,1cbf5d55-a8fa-40a0-bb9e-92ceb6902209,OXZRGNVAFIREWALL,oxzvmnvafwtest01
OxxoDEVQA,1cbf5d55-a8fa-40a0-bb9e-92ceb6902209,OXZRGNVAFIREWALL,oxzvmnvafwtest01-2
OxxoDEVQA,1cbf5d55-a8fa-40a0-bb9e-92ceb6902209,OXZRGNVAFIREWALL,oxzvmnvafwtest02
OxxoDEVQA,1cbf5d55-a8fa-40a0-bb9e-92ceb6902209,OXZRGNVAFIREWALL,oxzvmnvafwtest02-2
OxxoDEVQA,1cbf5d55-a8fa-40a0-bb9e-92ceb6902209,OXZRGOADADQ01,vm-jumphost-aldiadev-01
OxxoDEVQA,1cbf5d55-a8fa-40a0-bb9e-92ceb6902209,OXZRGPERTIEDEVQA,FCOPTDES
OxxoDEVQA,1cbf5d55-a8fa-40a0-bb9e-92ceb6902209,OXZRGPERTIEDEVQA,FCOPTQA
OxxoDEVQA,1cbf5d55-a8fa-40a0-bb9e-92ceb6902209,OXZRGPTLQ01,OXVPTLNQ1
OxxoDEVQA,1cbf5d55-a8fa-40a0-bb9e-92ceb6902209,OXZRGRPANPRD01,OXZVMRPADRHD01
OxxoDEVQA,1cbf5d55-a8fa-40a0-bb9e-92ceb6902209,OXZRGRPANPRD01,OXZVMRPADRHD015
OxxoDEVQA,1cbf5d55-a8fa-40a0-bb9e-92ceb6902209,OXZRGRPANPRD01,OXZVMRPADRHD02
OxxoDEVQA,1cbf5d55-a8fa-40a0-bb9e-92ceb6902209,OXZRGRPANPRD01,OXZVMRPADRHD03
OxxoDEVQA,1cbf5d55-a8fa-40a0-bb9e-92ceb6902209,OXZRGRPANPRD01,OXZVMRPADRHD04
OxxoDEVQA,1cbf5d55-a8fa-40a0-bb9e-92ceb6902209,OXZRGRPANPRD01,OXZVMRPADRHD05
OxxoDEVQA,1cbf5d55-a8fa-40a0-bb9e-92ceb6902209,OXZRGRPANPRD01,OXZVMRPADRHD06
OxxoDEVQA,1cbf5d55-a8fa-40a0-bb9e-92ceb6902209,OXZRGRPANPRD01,OXZVMRPADRHD07
OxxoDEVQA,1cbf5d55-a8fa-40a0-bb9e-92ceb6902209,OXZRGRPANPRD01,OXZVMRPADRHD08
OxxoDEVQA,1cbf5d55-a8fa-40a0-bb9e-92ceb6902209,OXZRGRPANPRD01,OXZVMRPADRHD09
OxxoDEVQA,1cbf5d55-a8fa-40a0-bb9e-92ceb6902209,OXZRGVOPD01,OXVVOPD1
OxxoDEVQA,1cbf5d55-a8fa-40a0-bb9e-92ceb6902209,OXZRGWFPQ01,OXVVWFPQ1
OxxoDEVQA,1cbf5d55-a8fa-40a0-bb9e-92ceb6902209,OXZRGWFUQ01,OXVWFU01V
OxxoDEVQA,1cbf5d55-a8fa-40a0-bb9e-92ceb6902209,OXZSRGF5DCS,master-0
OxxoDEVQA,1cbf5d55-a8fa-40a0-bb9e-92ceb6902209,OXZSRGF5DCS,oxvmf5dcsqap01
OxxoDEVQA,1cbf5d55-a8fa-40a0-bb9e-92ceb6902209,OXZSRGF5DCS,oxvmf5dcsqap02
OXZSUB-IDENTITY-PRD,58391c5d-32dd-4598-9352-335ccffad64d,OXZRGADMXP01,OXZVMADMXPWAP01
OXZSUB-IDENTITY-PRD,58391c5d-32dd-4598-9352-335ccffad64d,OXZRGADMXP01,OXZVMADMXPWAP02
OXZSUB-IDENTITY-PRD,58391c5d-32dd-4598-9352-335ccffad64d,OXZRGTEST01,OXZVMTEST01
